# Matrix 1
0.8966331047816007 0.6180330736036606
0.6180330736036606 1.5412824629139728

# Matrix 2
0.9717246185487909 1.0188203255761084
1.0188203255761084 2.097296720598294

# Matrix 3
0.7254654389290756 0.6632387387571895
0.6632387387571895 1.9847749421581977

# Matrix 4
0.869611530090743 0.6853692456353296
0.6853692456353296 1.690100639200789

# Matrix 5
0.8674796971886374 0.5669825648698203
0.5669825648698203 1.5233431204776666

# Matrix 6
1.0616878644628756 0.2618517412198677
0.2618517412198677 1.0064788061983556

# Matrix 7
1.67632101827441 0.6637220787217549
0.6637220787217549 0.859338385714207

# Matrix 8
1.1854724833657628 0.2523498995588031
0.2523498995588031 0.8972628945273904

# Matrix 9
1.0789124191580823 0.8483509598273349
0.8483509598273349 1.593919321442151

# Matrix 10
0.7935360462988603 -0.07211502546571107
-0.07211502546571107 1.2667358736711285

# Matrix 11
0.7363534715628539 -0.12055768890195995
-0.12055768890195995 1.3777814535186619

# Matrix 12
0.9350190409523329 1.001963631237772
1.001963631237772 2.1431981922872327

# Matrix 13
0.7822791219783181 0.8864260117260152
0.8864260117260152 2.2827543572279874

# Matrix 14
0.6477570186567396 1.2469893105852616
1.2469893105852616 3.9443530013958

# Matrix 15
1.043388234234521 2.3394679559166414
2.3394679559166414 6.203932634442411

# Matrix 16
1.4283377207018269 3.6322867995924244
3.6322867995924244 9.93708083794025

# Matrix 17
1.5677873683551133 4.060108223870798
4.060108223870798 11.15232788735095

# Matrix 18
1.6334671775805372 4.677628210633284
4.677628210633284 14.007141368339031

# Matrix 19
2.074343816780717 5.178859897712447
5.178859897712447 13.411754413648943

# Matrix 20
0.840878030408454 -0.21334286896835886
-0.21334286896835886 1.2433612746806981

# Matrix 21
1.4039725125391225 0.19985991638486317
0.19985991638486317 0.7407153465537566

# Matrix 22
2.1735091592518585 1.3873359712993558
1.3873359712993558 1.3456125017056912

# Matrix 23
2.575027678007322 1.5584006873452874
1.5584006873452874 1.331485766774937

# Matrix 24
3.0137282214125616 1.9900142558362004
1.9900142558362004 1.645854029965063

# Matrix 25
1.8148840425521873 1.4318694337321856
1.4318694337321856 1.6806859301970083

# Matrix 26
1.673101629947341 1.8256117704848862
1.8256117704848862 2.5897161648628195

# Matrix 27
2.1324808458800573 1.9114312928828816
1.9114312928828816 2.1822327719391237

# Matrix 28
3.168731755493909 2.839752068393332
2.839752068393332 2.8605109265651225

# Matrix 29
3.504326889038704 3.3507770264418433
3.3507770264418433 3.4893167983779927

# Matrix 30
0.36394096040357576 0.17618138838319122
0.17618138838319122 2.8329866483544586

# Matrix 31
0.3224401351732832 0.4783360782429988
0.4783360782429988 3.8109567318240867

# Matrix 32
0.29373972316216107 0.1834477908505735
0.1834477908505735 3.518942146606846

# Matrix 33
0.42786095134044727 -0.4873009073057751
-0.4873009073057751 2.8922063824337823

# Matrix 34
0.5623827152670233 -0.23648757870028833
-0.23648757870028833 1.8775939341915298

# Matrix 35
0.5174579511571891 -0.9389389540683564
-0.9389389540683564 3.6362497769319235

# Matrix 36
0.42675396450121916 -0.4811478553637206
-0.4811478553637206 2.8857453267258157

# Matrix 37
0.473961222313231 -0.32812017593832415
-0.32812017593832415 2.337032646788487

# Matrix 38
0.3078279800753005 -0.41569021067858414
-0.41569021067858414 3.8099147158978757

# Matrix 39
0.2515257817392333 -0.8044499200859724
-0.8044499200859724 6.548591808508848

# Matrix 40
0.26165173078515136 -0.07700366872781952
-0.07700366872781952 3.8445362542758685

# Matrix 41
0.3429867846406747 0.5998893591846436
0.5998893591846436 3.9647802893852253

# Matrix 42
0.42131299621813106 1.1927442202822045
1.1927442202822045 5.7502113553656065

# Matrix 43
0.42420467333556067 0.5568261666069136
0.5568261666069136 3.088262487815289

# Matrix 44
0.5224072638640802 0.6102906847901778
0.6102906847901778 2.627173883054485

# Matrix 45
0.48007226668304737 0.7139232935117719
0.7139232935117719 3.1447066906187655

# Matrix 46
0.804550337424023 0.46852832230240454
0.46852832230240454 1.5157768657510131

# Matrix 47
0.9007093100825756 0.6769305191913622
0.6769305191913622 1.6189850726412482

# Matrix 48
1.8957790092765334 1.4085574709792303
1.4085574709792303 1.574041137943695

# Matrix 49
1.416359362779549 0.6828773989347199
0.6828773989347199 1.0352750724916668

# Matrix 50
0.8240961469938598 -0.4070410482423893
-0.4070410482423893 1.4144980767188908

# Matrix 51
0.8470140323398844 -0.8018223036306265
-0.8018223036306265 1.9396597268417677

# Matrix 52
0.6216646771003157 -1.2713159570579564
-1.2713159570579564 4.208449279880854

# Matrix 53
0.7532705248151774 -1.7566339403909188
-1.7566339403909188 5.424031162689938

# Matrix 54
0.6438585845351079 -1.7461872888433938
-1.7461872888433938 6.2889121073720045

# Matrix 55
1.0504228877668478 -3.7610934793285717
-3.7610934793285717 14.418787268094707

# Matrix 56
0.7637248611321048 -2.5432805822727067
-2.5432805822727067 9.778752139998202

# Matrix 57
1.2002691771350416 -3.9926278322489854
-3.9926278322489854 14.114398111335658

# Matrix 58
1.3813892474565692 -4.546373102061427
-4.546373102061427 15.686750438405253

# Matrix 59
1.374474628103556 -4.699012647601417
-4.699012647601417 16.792394264973744

# Matrix 60
0.8372938035653368 -0.3290060914172413
-0.3290060914172413 1.3236034991188967

# Matrix 61
0.7827920381843085 -0.6807565970259273
-0.6807565970259273 1.8694997815623615

# Matrix 62
0.7982799545135718 -0.9979487861725367
-0.9979487861725367 2.500252910696515

# Matrix 63
0.45911400623836934 -0.4844523833120798
-0.4844523833120798 2.689297418331664

# Matrix 64
0.6172503216475446 -1.093802520279679
-1.093802520279679 3.5583682605585487

# Matrix 65
0.33547483724260624 -0.5931949759727687
-0.5931949759727687 4.029751651810746

# Matrix 66
0.29860831467792365 -0.929556156047099
-0.929556156047099 6.242540999756264

# Matrix 67
0.3647886301318247 -0.892253010730756
-0.892253010730756 4.923715507550307

# Matrix 68
0.31754877562101264 -0.5879450076498951
-0.5879450076498951 4.237709087017466

# Matrix 69
0.33963467334912795 -0.21676921538336527
-0.21676921538336527 3.0826914178508096

# Matrix 70
0.40757466854631325 0.15407844105789456
0.15407844105789456 2.5117855573561045

# Matrix 71
0.46811054581843237 0.005787717046807304
0.005787717046807304 2.136319095140617

# Matrix 72
0.40217344437525404 0.021129152503495445
0.021129152503495445 2.4875994551048333

# Matrix 73
0.3490183354018128 0.42002539599542327
0.42002539599542327 3.3706576817138796

# Matrix 74
0.31654082074076906 0.32862857881026825
0.32862857881026825 3.500328141621425

# Matrix 75
0.352674262842726 0.1453186811031401
0.1453186811031401 2.895355932261267

# Matrix 76
0.306547941827548 0.4721441347290999
0.4721441347290999 3.9893273354516854

# Matrix 77
0.6546903138703598 1.070193315891379
1.070193315891379 3.276837441959458

# Matrix 78
0.5923739884496173 1.230556391803003
1.230556391803003 4.244394727708523

# Matrix 79
0.572577651785886 0.9511794039348626
0.9511794039348626 3.3266095044557455

# Matrix 80
1.0100200442107141 -0.5049404505223741
-0.5049404505223741 1.2425148052922428

# Matrix 81
1.269057254498603 -0.3665428593544479
-0.3665428593544479 0.8938553904661386

# Matrix 82
1.0938273151804414 -0.20367933536209287
-0.20367933536209287 0.9521477999310495

# Matrix 83
1.8306090353679056 -0.07725012016418527
-0.07725012016418527 0.5495261749667959

# Matrix 84
2.144684278265084 -0.08657607280339694
-0.08657607280339694 0.4697639771934449

# Matrix 85
1.0385025089490139 -0.03874933919725314
-0.03874933919725314 0.9643708153404118

# Matrix 86
1.098877599292678 -0.1386140968768108
-0.1386140968768108 0.927504454098453

# Matrix 87
2.0279293442090243 -0.035101759121047384
-0.035101759121047384 0.49372140915684304

# Matrix 88
2.4151946077752218 0.1717318010006647
0.1717318010006647 0.4262562561876774

# Matrix 89
2.9197690381304238 0.07680660506522367
0.07680660506522367 0.344513295896082

# Matrix 90
0.6149254996107544 0.2687170273559905
0.2687170273559905 1.7436402319789055

# Matrix 91
0.5068072345862169 0.3173916226896966
0.3173916226896966 2.1719055432432737

# Matrix 92
0.6004330656411354 0.6633081601604063
0.6633081601604063 2.398231872519865

# Matrix 93
1.0704932456546554 1.7421762223152157
1.7421762223152157 3.76945674900809

# Matrix 94
1.0637845506133694 1.4548925557328698
1.4548925557328698 2.929834191453383

# Matrix 95
1.7829195927901318 2.7388902712301575
2.7388902712301575 4.768313698620016

# Matrix 96
1.411466732912293 2.5858894263326877
2.5858894263326877 5.445983207382365

# Matrix 97
1.4086726411425896 2.850293384036004
2.850293384036004 6.477141749327012

# Matrix 98
1.8783196901095416 3.728376952563219
3.728376952563219 7.933045039598983

# Matrix 99
1.7692487996036963 3.403425257783976
3.403425257783976 7.112229488662376

# Matrix 100
0.8200104410459744 0.07868364646684703
0.07868364646684703 1.2270467128904605

# Matrix 101
0.8132463776912643 -0.14420627730747068
-0.14420627730747068 1.2552105713803836

# Matrix 102
0.9767761282159132 0.33294169549538577
0.33294169549538577 1.1372617947044998

# Matrix 103
0.8180716255001106 0.3772040901593236
0.3772040901593236 1.3963116309462669

# Matrix 104
0.8736220586120921 0.25254075032080714
0.25254075032080714 1.2176625121652718

# Matrix 105
0.767996390580507 0.476321875851072
0.476321875851072 1.5975108014334782

# Matrix 106
0.5231509825902783 0.44128648641327245
0.44128648641327245 2.283726501239631

# Matrix 107
0.8876859783787066 0.9741288345432075
0.9741288345432075 2.1955139922882188

# Matrix 108
1.9025695792671433 2.2171623214691842
2.2171623214691842 3.109378402876257

# Matrix 109
1.39054340457875 2.130758656185821
2.130758656185821 3.9841492417053512

# Matrix 110
0.8395659137480457 0.13932330435743168
0.13932330435743168 1.2142119712628057

# Matrix 111
1.0157317221101023 0.7168635981459669
0.7168635981459669 1.4904461339474449

# Matrix 112
1.2508826207330952 0.40690805876557384
0.40690805876557384 0.9318013928479305

# Matrix 113
1.8543342997647376 1.930564056616089
1.930564056616089 2.549204626855957

# Matrix 114
2.6348146698727994 2.5782004566404444
2.5782004566404444 2.902336047411705

# Matrix 115
3.1020541006199545 3.934613644175478
3.934613644175478 5.312990681122558

# Matrix 116
6.291850461116951 8.019956830451274
8.019956830451274 10.381637002654742

# Matrix 117
5.682171070573805 7.779310731840998
7.779310731840998 10.826438468408213

# Matrix 118
3.3473593989181785 4.606920662734865
4.606920662734865 6.639178930089147

# Matrix 119
2.62502470819397 3.3780664138769487
3.3780664138769487 4.728082237786832

# Matrix 120
0.7519692587333854 -0.12929685801889249
-0.12929685801889249 1.3520734600322808

# Matrix 121
0.8611676735280025 0.6910260298432843
0.6910260298432843 1.7157134659594573

# Matrix 122
0.810783586341928 0.2313227368167902
0.2313227368167902 1.2993728860763074

# Matrix 123
0.7936575828601503 -0.9807062315732884
-0.9807062315732884 2.4718275929234896

# Matrix 124
1.1456341950614803 -1.1530093940836101
-1.1530093940836101 2.0333110454337

# Matrix 125
1.2292765543925683 -1.3644578919646781
-1.3644578919646781 2.327991474919807

# Matrix 126
1.7441837449753395 -1.920221199123389
-1.920221199123389 2.6873598994750054

# Matrix 127
1.7650761509271669 -2.4740820234387755
-2.4740820234387755 4.034433219757862

# Matrix 128
1.3838491175030934 -2.081169168395527
-2.081169168395527 3.852490159548201

# Matrix 129
1.488689299087692 -2.6141516349481098
-2.6141516349481098 5.262205334116815

# Matrix 130
0.7691551400648667 -0.09500126052811417
-0.09500126052811417 1.311861790869439

# Matrix 131
0.6261328440077323 -0.26930382047450824
-0.26930382047450824 1.7129344962279622

# Matrix 132
1.3250116273610448 -1.6800709763075963
-1.6800709763075963 2.884984860883452

# Matrix 133
1.817922870220406 -2.7569170061287167
-2.7569170061287167 4.730999053683167

# Matrix 134
3.588737093985464 -5.969795457010674
-5.969795457010674 10.209290020143696

# Matrix 135
3.818613111393995 -6.933850380032221
-6.933850380032221 12.852383747972004

# Matrix 136
6.620137820897292 -12.631209802023736
-12.631209802023736 24.251377449567954

# Matrix 137
7.4145363363763614 -14.212073711384045
-14.212073711384045 27.376363129001206

# Matrix 138
8.627623658623268 -17.035312432391255
-17.035312432391255 33.75226843351347

# Matrix 139
6.150527542818269 -12.954732542530872
-12.954732542530872 27.448880453456205

# Matrix 140
0.2101458589207088 0.05279013642071763
0.05279013642071763 4.771860857280487

# Matrix 141
0.13918655544645275 0.4242492227480688
0.4242492227480688 8.477739816302158

# Matrix 142
0.3097931834564035 0.45296941006607094
0.45296941006607094 3.890276968037958

# Matrix 143
0.3229436854428494 0.5499168728924541
0.5499168728924541 4.032927800727349

# Matrix 144
0.16968831570312534 0.22310080987765918
0.22310080987765918 6.18648353611263

# Matrix 145
0.1906766304814682 0.08241330748863106
0.08241330748863106 5.28010145086482

# Matrix 146
0.28092871388573404 -0.1979153697429643
-0.1979153697429643 3.699054038325076

# Matrix 147
0.19806873719322132 -0.11270161320999728
-0.11270161320999728 5.112879841467452

# Matrix 148
0.1859201784083183 -0.0299680093201823
-0.0299680093201823 5.383482794344356

# Matrix 149
0.30846300522393183 -0.2150805087663539
-0.2150805087663539 3.391847993219319

# Matrix 150
0.21947042820680324 -0.0961800630512063
-0.0961800630512063 4.598572175644248

# Matrix 151
0.2094947470293624 -0.244579706832988
-0.244579706832988 5.058929868279551

# Matrix 152
0.22081955564201258 -1.0864685516123649
-1.0864685516123649 9.874188485269416

# Matrix 153
0.1975390784710786 -1.0244965252011449
-1.0244965252011449 10.375633753142662

# Matrix 154
0.09373654249768708 -0.5457596763786948
-0.5457596763786948 13.845759506149928

# Matrix 155
0.1263357364087941 -0.44941146257812825
-0.44941146257812825 9.514098677568988

# Matrix 156
0.29323406167322447 -1.2283441573433034
-1.2283441573433034 8.555722873951904

# Matrix 157
0.2340114846821927 -1.2515703277886783
-1.2515703277886783 10.967103981612206

# Matrix 158
0.415269643060358 -2.484632293403682
-2.484632293403682 17.274071806837593

# Matrix 159
0.6174836836758925 -3.1165242879560537
-3.1165242879560537 17.348998719523944

# Matrix 160
0.8136820200443627 -0.3555065440197705
-0.3555065440197705 1.3843060004932506

# Matrix 161
1.2003835206656854 -0.775668704885894
-0.775668704885894 1.3342918427030235

# Matrix 162
1.3354639676334539 -0.614598136424435
-0.614598136424435 1.0316496009531688

# Matrix 163
1.5346885851352916 -0.3321006325118417
-0.3321006325118417 0.7234632751353179

# Matrix 164
2.8364285283708095 -1.2218575261746996
-1.2218575261746996 0.8788995701230136

# Matrix 165
3.731546024255813 -1.6105953914067417
-1.6105953914067417 0.9631443620040556

# Matrix 166
5.096011617841065 -2.9065342884329732
-2.9065342884329732 1.8539874471163795

# Matrix 167
4.656088076514783 -2.841651333087761
-2.841651333087761 1.9490572664665606

# Matrix 168
9.725609663632145 -6.401695267600609
-6.401695267600609 4.316613945160274

# Matrix 169
15.975408165411592 -9.908590290478896
-9.908590290478896 6.208302192823339

# Matrix 170
0.6515182612734591 -0.015603032782523629
-0.015603032782523629 1.5352500675528788

# Matrix 171
0.7730940925161718 -0.1643085783012554
-0.1643085783012554 1.328424727138756

# Matrix 172
0.8788159083488597 0.11012890954733844
0.11012890954733844 1.151695556603768

# Matrix 173
0.7660097144151219 -0.17012476636207063
-0.17012476636207063 1.3432498527977372

# Matrix 174
1.8710085267382752 -0.6231354216172063
-0.6231354216172063 0.7420050383705465

# Matrix 175
1.7119012134271283 -0.4513153633150853
-0.4513153633150853 0.7031279303520779

# Matrix 176
3.1565374665113244 -1.888325632612434
-1.888325632612434 1.4464500241865794

# Matrix 177
3.877226169254113 -1.802183936537926
-1.802183936537926 1.0955943129653758

# Matrix 178
2.6518446476361546 -1.3780986806595499
-1.3780986806595499 1.0932601109268938

# Matrix 179
2.6857602630666113 -1.4329116724697892
-1.4329116724697892 1.1368236782288126

# Matrix 180
0.9992407263768173 0.17331811831877655
0.17331811831877655 1.030821845975411

# Matrix 181
3.2123313623714824 0.1644927896471431
0.1644927896471431 0.3197235160346847

# Matrix 182
4.1404361542151955 0.30179882854067924
0.30179882854067924 0.26351874350187554

# Matrix 183
5.409449653152062 0.43968691196483145
0.43968691196483145 0.22059999760933624

# Matrix 184
4.646365476294631 0.47235645480010185
0.47235645480010185 0.26324244759297993

# Matrix 185
5.242699282240646 -0.0661520905981893
-0.0661520905981893 0.1915761414149348

# Matrix 186
6.4713122741235765 0.12708930259748977
0.12708930259748977 0.15702405444069467

# Matrix 187
7.241624120834057 0.8257301151920113
0.8257301151920113 0.2322448935586713

# Matrix 188
8.650544316627597 0.6375212921691238
0.6375212921691238 0.1625832255740972

# Matrix 189
4.8464300579253665 0.10833611267575999
0.10833611267575999 0.20875916937152575

# Matrix 190
0.1919316288157103 0.09049121449026155
0.09049121449026155 5.252853144220273

# Matrix 191
0.3452066423861328 -0.2235760072707355
-0.2235760072707355 3.04161653370695

# Matrix 192
0.46392529198791477 0.05436736600381489
0.05436736600381489 2.1618907781219217

# Matrix 193
0.47108432754049007 -0.15305421630303512
-0.15305421630303512 2.1724891559678805

# Matrix 194
0.6484011017637348 0.2423002233266904
0.2423002233266904 1.632800122245841

# Matrix 195
1.3046116506331213 0.348675212199655
0.348675212199655 0.8596998218268097

# Matrix 196
0.8589460105369192 0.1512917864291657
0.1512917864291657 1.190865539967442

# Matrix 197
0.5258853515038191 -0.23067641764448044
-0.23067641764448044 2.0027399634645313

# Matrix 198
0.5565862041904249 -0.15635092294678024
-0.15635092294678024 1.840587501798403

# Matrix 199
0.4085445843801444 -0.10599906191682446
-0.10599906191682446 2.4752152880976817

# Matrix 200
0.3736995177315896 -0.11788956577620881
-0.11788956577620881 2.7131368963851252

# Matrix 201
0.2020529271034753 0.20468489315250277
0.20468489315250277 5.156549427028472

# Matrix 202
0.2771888162085268 0.4545272540304229
0.4545272540304229 4.352971527353129

# Matrix 203
0.4237999403589141 1.0187329467918762
1.0187329467918762 4.808440546625472

# Matrix 204
0.6812610236210231 1.3763018435834184
1.3763018435834184 4.248308158402919

# Matrix 205
0.8735421426640883 1.9211133330673693
1.9211133330673693 5.369719684254511

# Matrix 206
0.7091555031531308 1.3210213949171212
1.3210213949171212 3.8709387625467198

# Matrix 207
1.0292425570477146 1.625220283378879
1.625220283378879 3.5378841892730977

# Matrix 208
1.7974968962493711 2.7853642018208284
2.7853642018208284 4.872472244630751

# Matrix 209
1.4050905306714767 2.2956410831266636
2.2956410831266636 4.4623231355367645

# Matrix 210
0.7068138936765814 -0.16391258227693004
-0.16391258227693004 1.4528114738765414

# Matrix 211
0.7564557372786024 -0.39475419741957873
-0.39475419741957873 1.5279557275070066

# Matrix 212
1.1691199667943335 -0.6732353791949052
-0.6732353791949052 1.2430254525413955

# Matrix 213
0.9569060641348901 -0.8954877623861275
-0.8954877623861275 1.883046204971389

# Matrix 214
0.7435190836854235 -0.39979381899874017
-0.39979381899874017 1.5599264674695474

# Matrix 215
1.0734389605060306 -0.21145251290021877
-0.21145251290021877 0.9732385386117611

# Matrix 216
0.6623388949471016 -0.2421993393700607
-0.2421993393700607 1.59836683013436

# Matrix 217
0.7106712888310126 -0.9148288206859713
-0.9148288206859713 2.5847558498940235

# Matrix 218
0.76983729587298 -0.8038607255751756
-0.8038607255751756 2.1383636191014874

# Matrix 219
0.8010150752818803 -0.9551874110371623
-0.9551874110371623 2.3874494366175343

# Matrix 220
0.9406378979327397 0.20158689654291667
0.20158689654291667 1.1063101743453414

# Matrix 221
0.952064611370932 0.39825287850243685
0.39825287850243685 1.2169398393740682

# Matrix 222
1.1452826550052677 0.22991040096056856
0.22991040096056856 0.9193003909283921

# Matrix 223
2.895542147712435 -0.8325693127688945
-0.8325693127688945 0.584751170658015

# Matrix 224
2.0575288274789365 -0.8088362148414037
-0.8088362148414037 0.8039819420007149

# Matrix 225
1.806385657863472 -0.7738303044230979
-0.7738303044230979 0.8850897000226203

# Matrix 226
2.2969116352671874 -0.7944334722748788
-0.7944334722748788 0.710138133668769

# Matrix 227
1.6930110485548102 -0.4507286930167034
-0.4507286930167034 0.7106606632813087

# Matrix 228
1.117748469761579 -0.23045020883292905
-0.23045020883292905 0.9421684101931926

# Matrix 229
1.139790333958608 -0.01728653734028529
-0.01728653734028529 0.8776165182056574

# Matrix 230
0.854060828947788 -0.2741070080021054
-0.2741070080021054 1.2588502076139512

# Matrix 231
0.7045911024111864 -0.37511929906847835
-0.37511929906847835 1.6189737347377495

# Matrix 232
0.6425358674966568 -0.06287582721026447
-0.06287582721026447 1.5624861123454694

# Matrix 233
0.33944747829271027 0.021106861491366497
0.021106861491366497 2.94727627565204

# Matrix 234
0.19908816022808573 0.22973031191008975
0.22973031191008975 5.28798907481084

# Matrix 235
0.5279321933341411 0.16355161486545744
0.16355161486545744 1.9448503873967096

# Matrix 236
0.7141378689732093 -0.18213250563268443
-0.18213250563268443 1.4467406007939891

# Matrix 237
0.6933216290268801 0.27527738823793685
0.27527738823793685 1.551628559439319

# Matrix 238
0.6124124061740379 0.636247844718162
0.636247844718162 2.293897552933115

# Matrix 239
0.4364038176900714 0.3018480702196769
0.3018480702196769 2.500235362904724

# Matrix 240
0.48283194136079755 -0.00014594429707140988
-0.00014594429707140988 2.0711140577845177

# Matrix 241
0.49125705914512147 0.1819823458029754
0.1819823458029754 2.1030080992256277

# Matrix 242
0.823637865668429 0.5184149301152579
0.5184149301152579 1.540427040392007

# Matrix 243
0.7353479303888737 -0.14187575071577094
-0.14187575071577094 1.3872735428815164

# Matrix 244
0.4026933332980243 0.15925028349912612
0.15925028349912612 2.5462568361808597

# Matrix 245
0.2958619739283492 0.021764544367279145
0.021764544367279145 3.3815555345203188

# Matrix 246
0.2948134888009919 0.37559155312291437
0.37559155312291437 3.87047763458184

# Matrix 247
0.13804185685984222 0.5743556811508457
0.5743556811508457 9.633921759111955

# Matrix 248
0.09948989810935498 0.22817479735258037
0.22817479735258037 10.574578506357584

# Matrix 249
0.09861943676303787 0.32467622821671627
0.32467622821671627 11.20889237914749

# Matrix 250
0.08222256860345685 -0.03976347050019292
-0.03976347050019292 12.181340848358154

# Matrix 251
0.08993921301205114 -0.6897627415697911
-0.6897627415697911 16.408556293016847

# Matrix 252
0.04208240553352053 -0.3714942567568415
-0.3714942567568415 27.042370044574643

# Matrix 253
0.06900850786028549 -0.9638245548438016
-0.9638245548438016 27.95246314302603

# Matrix 254
0.05792661710125256 -1.1268675174047311
-1.1268675174047311 39.18458414055774

# Matrix 255
0.08890568418723456 -1.551754831377487
-1.551754831377487 38.33211664539103

# Matrix 256
0.13952088604857965 -2.2216153996751093
-2.2216153996751093 42.54255511255063

# Matrix 257
0.12500402597095495 -1.69095102267341
-1.69095102267341 30.87352852120918

# Matrix 258
0.1046929724694521 -1.3212409939243988
-1.3212409939243988 26.225998739576163

# Matrix 259
0.13231384224808132 -1.9430270201791462
-1.9430270201791462 36.091114278071686

# Matrix 260
0.14952228403729276 -0.026603348736471556
-0.026603348736471556 6.6926996508052605

# Matrix 261
0.16554816108742054 0.27454896035972376
0.27454896035972376 6.49585670158386

# Matrix 262
0.27247638820416714 0.06478724196858894
0.06478724196858894 3.685447364229774

# Matrix 263
0.3577513278972444 0.4385602600794149
0.4385602600794149 3.332860030818374

# Matrix 264
0.5470433140098002 0.5172204973120375
0.5172204973120375 2.3170323270179005

# Matrix 265
0.5878854401692544 1.386877900427954
1.386877900427954 4.972789103016029

# Matrix 266
0.563929706354042 1.1143174135952487
1.1143174135952487 3.975146676941036

# Matrix 267
0.537735699076233 1.2805599916177837
1.2805599916177837 4.9091661510795435

# Matrix 268
0.7349187135012618 0.4987646803208317
0.4987646803208317 1.699189561232199

# Matrix 269
0.7987649385299675 -0.08877046298259338
-0.08877046298259338 1.2617982418620282

# Matrix 270
0.7848501618995122 -0.379493978391233
-0.379493978391233 1.4576230408953892

# Matrix 271
0.68569192835595 -0.6044018803329994
-0.6044018803329994 1.9911298011390948

# Matrix 272
0.4735684575316526 -0.13660639212070227
-0.13660639212070227 2.1510328447078835

# Matrix 273
0.5825107603884699 0.3371307245962998
0.3371307245962998 1.9118224094678364

# Matrix 274
0.3174214568397634 0.3860680897598634
0.3860680897598634 3.6199461163423416

# Matrix 275
0.29962817283999094 0.440976529660544
0.440976529660544 3.986475264958909

# Matrix 276
0.4381320857284983 0.9269728339831145
0.9269728339831145 4.2436486518698935

# Matrix 277
0.41624673628572095 1.3208511936192264
1.3208511936192264 6.59380035066833

# Matrix 278
0.42818002257873317 1.0468643884141249
1.0468643884141249 4.8949622523416165

# Matrix 279
0.39961190867133733 1.0862559919514443
1.0862559919514443 5.455172963434701

# Matrix 280
0.7194718750842922 0.022875581820812344
0.022875581820812344 1.3906357244700094

# Matrix 281
1.7488034158655923 0.9181480137068134
0.9181480137068134 1.0538610334092657

# Matrix 282
2.6041047323768374 1.189106484695421
1.189106484695421 0.9269881514102547

# Matrix 283
5.417483579237145 1.9042905686060922
1.9042905686060922 0.8539615306657862

# Matrix 284
7.799621514575391 2.716210327693529
2.716210327693529 1.0741288572289232

# Matrix 285
8.46913160339055 3.0197725251497607
3.0197725251497607 1.1948127125097794

# Matrix 286
9.95060663465978 3.7531854693525886
3.7531854693525886 1.5161287870440703

# Matrix 287
8.571212515168945 3.9179309299190654
3.9179309299190654 1.907569406624869

# Matrix 288
10.266128245302598 4.84043090630902
4.84043090630902 2.3796479816945326

# Matrix 289
6.741248129550731 3.504161965992742
3.504161965992742 1.9698356786037938

# Matrix 290
0.44696995003688766 0.11729094030403735
0.11729094030403735 2.268065592762426

# Matrix 291
0.4969685292322743 -0.45367973456711075
-0.45367973456711075 2.426361490977435

# Matrix 292
0.49494356378134285 -0.6926475150678513
-0.6926475150678513 2.9897561831582897

# Matrix 293
0.8220480862638199 -0.5687288959145858
-0.5687288959145858 1.6099454267490239

# Matrix 294
0.6960676059785853 -0.7883400150624378
-0.7883400150624378 2.3294863392889025

# Matrix 295
1.1261599685619827 -1.2530917599162354
-1.2530917599162354 2.282303607410198

# Matrix 296
1.5096535000017928 -1.2304971023290983
-1.2304971023290983 1.6653643493936334

# Matrix 297
0.7162799799736037 -0.8046844253224177
-0.8046844253224177 2.300102013764483

# Matrix 298
0.32701042119325097 0.08296627271508915
0.08296627271508915 3.0790560090841996

# Matrix 299
0.4759802000071017 0.1536092995116679
0.1536092995116679 2.1505008336086107

# Matrix 300
0.40638404693744995 -0.03116046495472804
-0.03116046495472804 2.4631158189392774

# Matrix 301
0.32721221525338134 0.05193351953860532
0.05193351953860532 3.064363259407092

# Matrix 302
0.204748945534259 0.2460548085725823
0.2460548085725823 5.1797237150812965

# Matrix 303
0.18988220769249786 0.380402770727141
0.380402770727141 6.028507261884508

# Matrix 304
0.2721351925962622 0.5042000241639146
0.5042000241639146 4.6088036332281375

# Matrix 305
0.1890723921889182 0.3962102991905532
0.3962102991905532 6.119257220951795

# Matrix 306
0.11323037863576722 0.061592128290692466
0.061592128290692466 8.865055494482808

# Matrix 307
0.10103320495127868 -0.5823468638853723
-0.5823468638853723 13.25433426092834

# Matrix 308
0.18653318487053414 -1.0197492096235536
-1.0197492096235536 10.935793821049453

# Matrix 309
0.13586750097310776 -0.46966313020458633
-0.46966313020458633 8.983630722075032

# Matrix 310
0.0895934147232284 0.008766575249692921
0.008766575249692921 11.162392413896061

# Matrix 311
0.15004672725261164 0.051461680611009766
0.051461680611009766 6.682240412237035

# Matrix 312
0.08901181447012939 -0.12461756193197313
-0.12461756193197313 11.408929733509265

# Matrix 313
0.05515589772496371 0.6845858756687558
0.6845858756687558 26.627394018472092

# Matrix 314
0.09348849797721809 1.6444942586558406
1.6444942586558406 39.62371250904818

# Matrix 315
0.1605525818398592 1.912244746502275
1.912244746502275 29.004080265556148

# Matrix 316
0.19659292823603858 2.5891671055717094
2.5891671055717094 39.18648737621457

# Matrix 317
0.31793620945651724 5.058459660772651
5.058459660772651 83.62688284267442

# Matrix 318
0.32486934437247733 5.424116943781422
5.424116943781422 93.64085946175831

# Matrix 319
0.4273263112781307 7.0064680457613635
7.0064680457613635 117.21860590904024

# Matrix 320
0.3813022454615106 0.02005991336379064
0.02005991336379064 2.6236467580024923

# Matrix 321
0.3318069289865442 0.06963320821287108
0.06963320821287108 3.0284141044166284

# Matrix 322
0.7658994543448694 -0.538337690197202
-0.538337690197202 1.6840428092354847

# Matrix 323
0.47458435659877846 -0.34872176519401543
-0.34872176519401543 2.3633456390309453

# Matrix 324
0.46071928954205404 -0.16562262738155115
-0.16562262738155115 2.230058254608819

# Matrix 325
0.5426003413376151 -0.2581320045006119
-0.2581320045006119 1.9657785859810715

# Matrix 326
0.853268587499136 0.3392002950969641
0.3392002950969641 1.3068063872619669

# Matrix 327
1.4665389775036721 0.6137507675867591
0.6137507675867591 0.9387340028675704

# Matrix 328
1.015552113316212 -0.24550944727342933
-0.24550944727342933 1.0440378930808916

# Matrix 329
1.0493956132986206 -0.6431540457965417
-0.6431540457965417 1.3471059995961565

# Matrix 330
0.6799215497596979 -0.019682919963197876
-0.019682919963197876 1.471327710809932

# Matrix 331
0.5882030210059989 0.28702488311806246
0.28702488311806246 1.8401525406614643

# Matrix 332
0.5027645892583333 0.0223603829472853
0.0223603829472853 1.9899969252040275

# Matrix 333
0.6846228928258252 -0.4196094113608949
-0.4196094113608949 1.7178392227702513

# Matrix 334
1.123352489669626 -0.9383256549824563
-0.9383256549824563 1.6739670335811432

# Matrix 335
0.7658044873811185 -0.4308148487557948
-0.4308148487557948 1.5481777052038075

# Matrix 336
1.1038103495709808 -1.3753134425941307
-1.3753134425941307 2.6195506016988848

# Matrix 337
1.2060689691145026 -1.3937416841865355
-1.3937416841865355 2.4397575574799175

# Matrix 338
0.6296787269181564 -0.3556637102978761
-0.3556637102978761 1.7890022747572825

# Matrix 339
0.6936208647987492 -0.8397838212386094
-0.8397838212386094 2.458456705896365

# Matrix 340
0.5699323391446406 0.14944065679189925
0.14944065679189925 1.7937787342208371

# Matrix 341
0.5279854847268207 0.19939426709833147
0.19939426709833147 1.9692929139702595

# Matrix 342
0.5620847732814134 -0.5466905977470075
-0.5466905977470075 2.3108091010582985

# Matrix 343
1.414984171888864 -1.6300887249784068
-1.6300887249784068 2.5846149546816077

# Matrix 344
1.934432531020359 -2.212975643885156
-2.212975643885156 3.048574248965034

# Matrix 345
1.8023599468777416 -2.1390348956573693
-2.1390348956573693 3.093427755370626

# Matrix 346
1.5781091198185662 -2.172088949325996
-2.172088949325996 3.623304834865601

# Matrix 347
1.1103908126680846 -1.2064130201893821
-1.2064130201893821 2.21132266880205

# Matrix 348
1.4421232303160882 -2.4257934618994934
-2.4257934618994934 4.773845795608863

# Matrix 349
1.0395453767977898 -1.952042610492034
-1.952042610492034 4.627475106468853

# Matrix 350
0.7327456860830761 0.26256200371691496
0.26256200371691496 1.4588128270121927

# Matrix 351
0.554800071692111 0.34703985841327245
0.34703985841327245 2.019532297301678

# Matrix 352
0.5863304379240766 0.23868058330525738
0.23868058330525738 1.80268386643745

# Matrix 353
0.31341174601340677 0.10563194686412114
0.10563194686412114 3.2262929550670076

# Matrix 354
0.2959975432062014 0.4559626151022116
0.4559626151022116 4.0807835541032995

# Matrix 355
0.6620452105759573 0.1699498178212753
0.1699498178212753 1.5540977023040325

# Matrix 356
0.5458987788891011 -0.42158524957508614
-0.42158524957508614 2.1574221599395504

# Matrix 357
1.0348848439612806 -1.0905152724811953
-1.0905152724811953 2.115427211335838

# Matrix 358
0.6170932858138806 -0.7788957562492421
-0.7788957562492421 2.603623529923908

# Matrix 359
0.9233577640314148 -1.4259036709079258
-1.4259036709079258 3.2849686187351987

# Matrix 360
0.6965219670767779 0.25138698470166077
0.25138698470166077 1.526434866856391

# Matrix 361
0.7822331846045446 0.7676718578282815
0.7676718578282815 2.03177276620526

# Matrix 362
0.9108961266954032 0.7329616497088725
0.7329616497088725 1.6876049144272964

# Matrix 363
0.5280172109367689 0.16455736634741366
0.16455736634741366 1.9451622135517692

# Matrix 364
0.6076645942270438 0.3953065460075791
0.3953065460075791 1.9028050610505411

# Matrix 365
0.2824945863155085 -0.11308068018675949
-0.11308068018675949 3.5851562801290378

# Matrix 366
0.2763543368252132 -0.6327528092207225
-0.6327528092207225 5.067320938995853

# Matrix 367
0.33926216681955945 -0.9977195328484916
-0.9977195328484916 5.8817176254395385

# Matrix 368
0.3149825562674829 -1.7707230722961207
-1.7707230722961207 13.129172128662209

# Matrix 369
0.33629493548268347 -1.7464013160465335
-1.7464013160465335 12.042755121709535

# Matrix 370
0.49973577873856917 0.06585330891095172
0.06585330891095172 2.0097353462056753

# Matrix 371
0.6212087600963837 -0.034352903261022326
-0.034352903261022326 1.6116645261202094

# Matrix 372
0.7456965961780658 0.44152989591478514
0.44152989591478514 1.602459572849086

# Matrix 373
0.5828199346501963 0.3120371422202077
0.3120371422202077 1.8828580027613242

# Matrix 374
0.5148103890729993 0.3070183613659791
0.3070183613659791 2.125559812781258

# Matrix 375
0.7085794978980882 0.6903862532585633
0.6903862532585633 2.08393438290078

# Matrix 376
0.4204808049910528 0.37900765828952715
0.37900765828952715 2.7198549647621753

# Matrix 377
0.44658558125626285 0.7030403561124936
0.7030403561124936 3.345978475434324

# Matrix 378
0.4315073373960967 1.3422898659341822
1.3422898659341822 6.4929187556729335

# Matrix 379
0.6537115098786526 2.170120791245539
2.170120791245539 8.73385914477167

# Matrix 380
0.6975143233359564 0.16765126547587475
0.16765126547587475 1.4739581861181028

# Matrix 381
0.6538647054474291 -0.0507410098044169
-0.0507410098044169 1.5333059602749561

# Matrix 382
0.4078004530094302 -0.13376069836757318
-0.13376069836757318 2.4960539325449025

# Matrix 383
0.4369178952173992 -0.2113503878243112
-0.2113503878243112 2.390996106748354

# Matrix 384
0.3662716083204861 -0.3624192296212512
-0.3624192296212512 3.0888217167226797

# Matrix 385
0.3296314198269127 -0.2118268739261464
-0.2118268739261464 3.169815016620619

# Matrix 386
0.31638005190214363 -0.36405190285180217
-0.36405190285180217 3.579662438137253

# Matrix 387
0.3677817986109177 -0.8689879516055836
-0.8689879516055836 4.772231977397172

# Matrix 388
0.28746298444004753 0.20659049897767406
0.20659049897767406 3.62717876981237

# Matrix 389
0.5577926583907677 0.31019061787583274
0.31019061787583274 1.9652790385961354

# Matrix 390
0.5773944293913479 -0.11176827043025214
-0.11176827043025214 1.7535537142993813

# Matrix 391
0.9494692935289823 -0.10573117217552577
-0.10573117217552577 1.0649939789113827

# Matrix 392
2.076753868249372 0.09253532304513765
0.09253532304513765 0.4856438701911507

# Matrix 393
1.9697965803625714 -0.4905344576312514
-0.4905344576312514 0.6298234378573394

# Matrix 394
2.23204183208548 -0.7550354425557729
-0.7550354425557729 0.7034270133048577

# Matrix 395
1.9351868446183562 -0.11673110947284625
-0.11673110947284625 0.5237872274388378

# Matrix 396
3.059392532265737 0.002652864243131128
0.002652864243131128 0.32686457430426663

# Matrix 397
3.4473378485786235 0.3665900431137291
0.3665900431137291 0.3290621080779323

# Matrix 398
3.5073340908491857 0.7098002045801062
0.7098002045801062 0.4287633545790504

# Matrix 399
3.1213044302816213 0.2467111128497635
0.2467111128497635 0.3398791745244316

# Matrix 400
0.4044148593922618 0.024797393027614634
0.024797393027614634 2.4742288456083177

# Matrix 401
0.26738738644201276 -0.052267521324644746
-0.052267521324644746 3.7501091847609676

# Matrix 402
0.36572021680164885 0.06104158835495317
0.06104158835495317 2.744518977613081

# Matrix 403
0.47037638649573627 1.6372277997457434
1.6372277997457434 7.824616570742015

# Matrix 404
0.6511668576602108 2.42782419957498
2.42782419957498 10.587655472538595

# Matrix 405
0.7441922345741473 2.680244475938416
2.680244475938416 10.996769477823692

# Matrix 406
1.100254691831561 4.362275129277855
4.362275129277855 18.20437072635766

# Matrix 407
0.8848379020307217 3.2219887060205807
3.2219887060205807 12.862481586292876

# Matrix 408
1.6991906410909008 6.763893852660388
6.763893852660388 27.513251850329617

# Matrix 409
1.5862337034835108 6.401398814488028
6.401398814488028 26.46388529631006

# Matrix 410
0.6107466104431696 -0.19021707885204564
-0.19021707885204564 1.6965833610359804

# Matrix 411
0.5855971791641568 -0.258190057272758
-0.258190057272758 1.8214946103343497

# Matrix 412
0.6888892607935582 -0.08358991445660577
-0.08358991445660577 1.4617549308852271

# Matrix 413
0.7862303557224041 -0.40146897372021917
-0.40146897372021917 1.4768920182343417

# Matrix 414
0.8670399971625089 0.2316829026283886
0.2316829026283886 1.2152576245831774

# Matrix 415
0.5744245911553134 0.4148996009068959
0.4148996009068959 2.0405492677032293

# Matrix 416
1.2387957462465655 0.9510519589908406
0.9510519589908406 1.5373800196446998

# Matrix 417
0.6757401387755617 0.0645738822074107
0.0645738822074107 1.4860295084481558

# Matrix 418
0.5317283414147804 0.1574222960702659
0.1574222960702659 1.927265672116285

# Matrix 419
0.4538106984972269 0.2476957417880376
0.2476957417880376 2.338757512801149

# Matrix 420
0.41907733511225276 -0.016837317486458368
-0.016837317486458368 2.386870898165387

# Matrix 421
0.4399500017771519 0.5470869384262372
0.5470869384262372 2.9532994952793086

# Matrix 422
0.7268852786400039 0.8935398821302027
0.8935398821302027 2.4741366675111003

# Matrix 423
0.6296931054784184 0.6844994620101955
0.6844994620101955 2.332151171286055

# Matrix 424
0.7065071215256421 0.9106359228217127
0.9106359228217127 2.5891568933986475

# Matrix 425
0.6181640094179185 0.2028435271850997
0.2028435271850997 1.6842544707532645

# Matrix 426
1.00269636822078 0.09443096913607674
0.09443096913607674 1.0062041111430744

# Matrix 427
1.3229385619240346 -1.574381812696051e-5
-1.574381812696051e-5 0.7558930014055253

# Matrix 428
2.616932640594802 -0.294520790494204
-0.294520790494204 0.4152733926641403

# Matrix 429
4.210132386287926 -0.5965969077350848
-0.5965969077350848 0.3220630008536589

# Matrix 430
0.33348377347046854 -0.043637755223413344
-0.043637755223413344 3.0043568334807196

# Matrix 431
0.20676327069896872 -0.054662747407990986
-0.054662747407990986 4.850900319788723

# Matrix 432
0.25280755691879603 0.21815465864172012
0.21815465864172012 4.143829669710311

# Matrix 433
0.17623189653778998 -0.14312414160671885
-0.14312414160671885 5.7905778690399226

# Matrix 434
0.28954760333675367 -0.7486752487296738
-0.7486752487296738 5.389492470588706

# Matrix 435
0.2966171094479202 -0.3734718754220831
-0.3734718754220831 3.8415897311255973

# Matrix 436
0.25962289225370583 -0.008428106051114902
-0.008428106051114902 3.852014066595986

# Matrix 437
0.40723629190440364 0.5988126592677009
0.5988126592677009 3.3360892138222633

# Matrix 438
0.26503682784970306 0.29706106045265307
0.29706106045265307 4.106015312914839

# Matrix 439
0.2486514081332987 0.49768480635460466
0.49768480635460466 5.017828677677749

# Matrix 440
0.2308639386500632 0.08526120319447705
0.08526120319447705 4.363043785270248

# Matrix 441
0.1936492370558044 0.14728645201996857
0.14728645201996857 5.275999608788576

# Matrix 442
0.265150802558038 0.4225629896845747
0.4225629896845747 4.44486484250107

# Matrix 443
0.2379847140943009 0.12349455713721291
0.12349455713721291 4.26603410015748

# Matrix 444
0.3158793846398259 0.3420818018673028
0.3420818018673028 3.536223044256074

# Matrix 445
0.5729863599752956 0.9628543651948002
0.9628543651948002 3.3632363057608705

# Matrix 446
0.6095421504279587 0.7591671149366701
0.7591671149366701 2.5860963139210713

# Matrix 447
0.48827194960604015 0.8404555136938234
0.8404555136938234 3.4947030479123806

# Matrix 448
0.43930616126383004 1.1168481465075126
1.1168481465075126 5.115680089466343

# Matrix 449
0.3995263560569275 0.9741817357532564
0.9741817357532564 4.878351639954174

# Matrix 450
0.4028447330699752 0.10389811599204181
0.10389811599204181 2.50914244504003

# Matrix 451
0.2906556595858079 -0.01292242008329867
-0.01292242008329867 3.441071783587747

# Matrix 452
0.1992800724476381 0.21562415502629315
0.21562415502629315 5.251371917810672

# Matrix 453
0.20674142002240986 0.0354660116237398
0.0354660116237398 4.8430442137427665

# Matrix 454
0.17216838045971686 0.22646906059062472
0.22646906059062472 6.106163237394078

# Matrix 455
0.13895390409985925 0.3388717575808073
0.3388717575808073 8.023049624318071

# Matrix 456
0.13566007993907941 0.11212513450782284
0.11212513450782284 7.464038398349101

# Matrix 457
0.13663113436863789 -0.08271084413972556
-0.08271084413972556 7.369045777090573

# Matrix 458
0.13557207402266852 0.22595887348826618
0.22595887348826618 7.752757491431035

# Matrix 459
0.09468955761467104 0.03326953011638199
0.03326953011638199 10.572515986483552

# Matrix 460
0.1059658395585094 -0.018388166344942388
-0.018388166344942388 9.440194394998295

# Matrix 461
0.16678076638375644 0.3406237877962709
0.3406237877962709 6.691566353908864

# Matrix 462
0.1946644492470853 0.12454863269204823
0.12454863269204823 5.216732515018603

# Matrix 463
0.14641457254766085 0.216879216876736
0.216879216876736 7.151177485234502

# Matrix 464
0.12130120420926192 0.4707143240440749
0.4707143240440749 10.070567582765989

# Matrix 465
0.14229147969083245 0.38829168452391255
0.38829168452391255 8.087416300475503

# Matrix 466
0.08089090760385644 0.5741566966166644
0.5741566966166644 16.437643632105438

# Matrix 467
0.0603833974576899 0.4400724754686165
0.4400724754686165 19.76807920590201

# Matrix 468
0.05615051762461551 1.2188595827878066
1.2188595827878066 44.26706623028546

# Matrix 469
0.0629580204372056 0.870551163211783
0.870551163211783 27.92113404395679

# Matrix 470
0.05307865242045974 -0.003323122504753653
-0.003323122504753653 18.84017392193093

# Matrix 471
0.07760568694614497 0.49075018592525954
0.49075018592525954 15.988979594327455

# Matrix 472
0.13810866043882147 1.4716160798536828
1.4716160798536828 22.921472675395492

# Matrix 473
0.11396008032270531 0.5467105891358436
0.5467105891358436 11.397784773362178

# Matrix 474
0.17012453235515348 0.3849276978507853
0.3849276978507853 6.7489933208208726

# Matrix 475
0.4232266995297921 1.1011084552598096
1.1011084552598096 5.227552592269535

# Matrix 476
0.4642786356730701 1.1797904758550164
1.1797904758550164 5.151875152408495

# Matrix 477
0.5034142798302788 0.8666807660295041
0.8666807660295041 3.4785178338522025

# Matrix 478
0.41558055331359217 1.0842444570028005
1.0842444570028005 5.2350525672928345

# Matrix 479
0.5992638054562897 1.4433928368016138
1.4433928368016138 5.1452846864036275

# Matrix 480
0.6738486875280002 0.07109746050065198
0.07109746050065198 1.4915141447802838

# Matrix 481
0.5262142570234174 -0.19468095058989182
-0.19468095058989182 1.972391775155563

# Matrix 482
0.5793343614008188 0.557159102575114
0.557159102575114 2.2619515652648703

# Matrix 483
0.5506931115526383 0.3594115413369982
0.3594115413369982 2.050464464432117

# Matrix 484
0.7158004902433494 -0.6526148478595
-0.6526148478595 1.9920440948034492

# Matrix 485
0.9793807392243421 -1.677657742612972
-1.677657742612972 3.8948443118968408

# Matrix 486
1.200984508349434 -2.458764988249508
-2.458764988249508 5.86645807540397

# Matrix 487
1.2684521550533427 -1.8751737723055804
-1.8751737723055804 3.560462772167244

# Matrix 488
1.221705750860568 -1.7754763413390373
-1.7754763413390373 3.3987858661791246

# Matrix 489
2.8428057534075837 -3.80601131000167
-3.80601131000167 5.447337396618945

# Matrix 490
0.5930090953407429 0.12776640990235902
0.12776640990235902 1.7138426096405115

# Matrix 491
0.5877380375641433 -0.1525989952303914
-0.1525989952303914 1.74105875057244

# Matrix 492
0.512417547555846 -0.1812496758150455
-0.1812496758150455 2.0156441751645775

# Matrix 493
0.4988133041014018 0.003237588862369964
0.003237588862369964 2.0047790902111817

# Matrix 494
0.5665387625725666 0.2971267261679457
0.2971267261679457 1.9209352709804839

# Matrix 495
0.5934112532511746 0.7201587871988028
0.7201587871988028 2.5591504550333437

# Matrix 496
0.43911028655941037 1.0226689215121905
1.0226689215121905 4.659084028882363

# Matrix 497
0.4633975566087717 0.6044512783562004
0.6044512783562004 2.946414646418098

# Matrix 498
0.5679721337595779 0.6100989891785168
0.6100989891785168 2.4160001785888805

# Matrix 499
0.4481178698830408 0.6216891138783442
0.6216891138783442 3.094046114868657

# Matrix 500
0.3271450744942385 0.07709468041025519
0.07709468041025519 3.074915895654958

# Matrix 501
0.18812379562191509 -0.12127614434439331
-0.12127614434439331 5.393830694477206

# Matrix 502
0.19507925196293732 0.3723790193890988
0.3723790193890988 5.836941256559254

# Matrix 503
0.21072137132640337 0.588254653638001
0.588254653638001 6.387788429118415

# Matrix 504
0.31186988525702486 1.6295393470139328
1.6295393470139328 11.72090880289397

# Matrix 505
0.24231410634348244 0.734796942026986
0.734796942026986 6.355084189070485

# Matrix 506
0.26872983792816524 1.1743621677318266
1.1743621677318266 8.853227908527838

# Matrix 507
0.39094458928511283 1.703522355646137
1.703522355646137 9.98092446635826

# Matrix 508
0.560323433704427 2.345078116578946
2.345078116578946 11.599356696343191

# Matrix 509
0.6702948753068831 2.719073949092003
2.719073949092003 12.521896630625472

# Matrix 510
0.7370601404916666 -0.13928945656963093
-0.13928945656963093 1.383064280251889

# Matrix 511
0.8441925067091302 -0.5397180649972241
-0.5397180649972241 1.5296221885670787

# Matrix 512
0.5839294846178275 0.1802734509815529
0.1802734509815529 1.7681904139582059

# Matrix 513
0.7143939903002509 0.16517185413039154
0.16517185413039154 1.4379764602514609

# Matrix 514
0.9754086342732197 0.49241296320553457
0.49241296320553457 1.2737948821404725

# Matrix 515
0.9556607506439114 -0.06584559979921174
-0.06584559979921174 1.0509332337194028

# Matrix 516
0.7342782031692783 0.06830111566032435
0.06830111566032435 1.368234870739902

# Matrix 517
0.7016358960640935 0.8754627141760368
0.8754627141760368 2.517594914715013

# Matrix 518
0.956393248742251 1.061711674689006
1.061711674689006 2.224222811033482

# Matrix 519
1.218481327210657 1.0197859224262682
1.0197859224262682 1.6741851368774532

# Matrix 520
0.5507958132219389 -0.0503396314134527
-0.0503396314134527 1.8201555901930557

# Matrix 521
0.6111851652192581 -0.3633668165034838
-0.3633668165034838 1.8521971863138518

# Matrix 522
0.5032114082078254 -0.3963771908557353
-0.3963771908557353 2.299460740669054

# Matrix 523
0.3050852861213426 -0.3285383017847994
-0.3285383017847994 3.631566208338793

# Matrix 524
0.23685826843723137 0.2957506237084167
0.2957506237084167 4.591220051547839

# Matrix 525
0.3112693201780967 0.6170186965807262
0.6170186965807262 4.435747381528594

# Matrix 526
0.2591768312320686 1.0767195419632232
1.0767195419632232 8.33147377325568

# Matrix 527
0.6036152793013883 3.0683681826165694
3.0683681826165694 17.25417440749293

# Matrix 528
0.3312046496158817 1.9888689695243749
1.9888689695243749 14.962349664125371

# Matrix 529
0.29990213517587916 1.6399771358572799
1.6399771358572799 12.30242993758916

# Matrix 530
0.25155267784605206 -0.027075746038594535
-0.027075746038594535 3.9782247781754325

# Matrix 531
0.37452282029955203 0.06909543219268412
0.06909543219268412 2.682811632002162

# Matrix 532
0.7013488100858353 -0.009529445593955226
-0.009529445593955226 1.4259535283319738

# Matrix 533
1.911596679172487 0.40432382663647154
0.40432382663647154 0.6086418591654065

# Matrix 534
2.7353685134967423 0.26996815805527724
0.26996815805527724 0.392226056953564

# Matrix 535
4.355139512766884 0.5100503032489128
0.5100503032489128 0.28934809278789675

# Matrix 536
4.493071382891635 0.06884641065852905
0.06884641065852905 0.22361982319852125

# Matrix 537
4.519538805669227 0.09905567045616795
0.09905567045616795 0.2234325379799441

# Matrix 538
3.2983022552225676 0.24289941307925061
0.24289941307925061 0.3210743112452511

# Matrix 539
2.105673655604079 -0.2941893858171729
-0.2941893858171729 0.516009397674577

# Matrix 540
0.47934125251736165 -0.10570498160622252
-0.10570498160622252 2.1095066152265853

# Matrix 541
0.6189319217392786 -0.8797163241107581
-0.8797163241107581 2.8660677347551475

# Matrix 542
0.578403765363441 -1.0441415324706236
-1.0441415324706236 3.613793106130112

# Matrix 543
0.46416489596822913 -0.4989938171258856
-0.4989938171258856 2.690842931851857

# Matrix 544
0.37657455094353826 -0.3062615146077831
-0.3062615146077831 2.9045938250188645

# Matrix 545
0.4290495652605337 -0.06070201055978689
-0.06070201055978689 2.339321177208345

# Matrix 546
1.0513623348743228 -0.22548925078832172
-0.22548925078832172 0.9995083211219413

# Matrix 547
1.4340085179739086 -0.07804621513212906
-0.07804621513212906 0.7015936091634543

# Matrix 548
2.0171478964337695 -1.2256231582441708
-1.2256231582441708 1.2404405896305932

# Matrix 549
2.1420241361437333 -1.2285894695591972
-1.2285894695591972 1.1715237201899402

# Matrix 550
0.6430218248407094 0.010461063624901767
0.010461063624901767 1.555327354712903

# Matrix 551
0.6541602860731269 0.2623475106991241
0.2623475106991241 1.6338904074811806

# Matrix 552
0.51111651614965 0.11277550719582112
0.11277550719582112 1.9813844456686667

# Matrix 553
0.5488678392584202 -0.14051372845490082
-0.14051372845490082 1.857904644699318

# Matrix 554
0.6697661014142365 -0.5650845708943005
-0.5650845708943005 1.9698228523017218

# Matrix 555
1.7083650068874532 -1.54607132202305
-1.54607132202305 1.9845504439119293

# Matrix 556
1.9694774559825845 -2.1570426164543726
-2.1570426164543726 2.870219627053356

# Matrix 557
2.709967103203552 -2.5424415640534446
-2.5424415640534446 2.7542803371314157

# Matrix 558
2.984342531819259 -2.968732461168093
-2.968732461168093 3.2882862209556487

# Matrix 559
3.387785550014401 -3.56808871797193
-3.56808871797193 4.0531659683300205

# Matrix 560
0.3134923442920356 0.06278456648965662
0.06278456648965662 3.2024447169723103

# Matrix 561
0.2286702335459633 -0.05889008576728843
-0.05889008576728843 4.388275756931779

# Matrix 562
0.23715718747088377 -0.3812103331134097
-0.3812103331134097 4.829376373899906

# Matrix 563
0.2547388749581659 -0.14959373501239054
-0.14959373501239054 4.013436448295753

# Matrix 564
0.18024296125096695 -0.30488987699576975
-0.30488987699576975 6.063803154968595

# Matrix 565
0.14853827755674445 -0.39037629393423035
-0.39037629393423035 7.758226834329545

# Matrix 566
0.19862729458586706 -0.6099603133508014
-0.6099603133508014 6.907668891748745

# Matrix 567
0.1549497582085503 -1.3434732530061364
-1.3434732530061364 18.102128160585355

# Matrix 568
0.1353943451018194 -1.4187265140595844
-1.4187265140595844 22.251925805542193

# Matrix 569
0.1737143574178289 -2.417738508653843
-2.417738508653843 39.40641175537708

# Matrix 570
0.2743295576569343 0.048223062850058625
0.048223062850058625 3.65372755437498

# Matrix 571
0.17854339011425618 0.4565855389496112
0.4565855389496112 6.7684967424700755

# Matrix 572
0.2442886516050222 0.11496485065401343
0.11496485065401343 4.147621718114513

# Matrix 573
0.2752128512697384 -0.17493207926983892
-0.17493207926983892 3.7447423970313376

# Matrix 574
0.5064260242100066 0.38006796639743035
0.38006796639743035 2.259859494516997

# Matrix 575
0.7562973142531005 0.8671219795854995
0.8671219795854995 2.316417755906494

# Matrix 576
1.0864837104595908 2.2201294990901586
2.2201294990901586 5.457030727338118

# Matrix 577
1.4235602377823764 2.7762705852759817
2.7762705852759817 6.116831681273616

# Matrix 578
1.2969316742517858 2.849118545591669
2.849118545591669 7.030036098157878

# Matrix 579
1.6480600347894205 3.3635738268218605
3.3635738268218605 7.471590007978331

# Matrix 580
0.4860474995469333 0.15854209145229473
0.15854209145229473 2.1091263625831687

# Matrix 581
0.5063859432537938 0.5178944325753
0.5178944325753 2.5044428270333716

# Matrix 582
0.5283009347721972 0.6872457680752528
0.6872457680752528 2.7868713621947334

# Matrix 583
0.4368600822637544 0.6293258165788639
0.6293258165788639 3.195647851775543

# Matrix 584
0.43298630227880086 0.8168161472593582
0.8168161472593582 3.8504419415792857

# Matrix 585
0.4152172758467951 0.5063602056564608
0.5063602056564608 3.0258872425530625

# Matrix 586
0.29790326086726376 0.5231837565373811
0.5231837565373811 4.275620345331149

# Matrix 587
0.3458112503229775 0.4817573346097843
0.4817573346097843 3.562897760843777

# Matrix 588
0.2174463875153479 -0.19571510410856768
-0.19571510410856768 4.774990349761232

# Matrix 589
0.1794773606726359 0.110774082963511
0.110774082963511 5.640103540985173

# Matrix 590
0.12994897074143333 -0.04356555625599194
-0.04356555625599194 7.709933768428423

# Matrix 591
0.09949370303255724 -0.06654712856424805
-0.06654712856424805 10.095397896603249

# Matrix 592
0.10969596203980246 -0.425088886145128
-0.425088886145128 10.763391278666175

# Matrix 593
0.10399513150666571 -0.8039626671847575
-0.8039626671847575 15.831086959309278

# Matrix 594
0.04876209370573566 -0.16551490911771438
-0.16551490911771438 21.069546179461884

# Matrix 595
0.05737264905505364 0.10070369954230282
0.10070369954230282 17.606668887333317

# Matrix 596
0.07354689033211524 -0.8028847611926223
-0.8028847611926223 22.36157004502455

# Matrix 597
0.15047441454464633 -1.618750092309543
-1.618750092309543 24.05958429748854

# Matrix 598
0.0966234677560141 -0.8704672159884788
-0.8704672159884788 18.191369187340396

# Matrix 599
0.16081650722059146 -1.4374239775651192
-1.4374239775651192 19.06637411962473

# Matrix 600
0.11801018587611774 -0.03825766397957162
-0.03825766397957162 8.4862475337889

# Matrix 601
0.04748059644891718 -0.0722826194393455
-0.0722826194393455 21.171275263033007

# Matrix 602
0.05056469401859785 -0.5253771225570733
-0.5253771225570733 25.235416641442054

# Matrix 603
0.08895553310098296 -1.029580794531455
-1.029580794531455 23.158049203408783

# Matrix 604
0.14773888759621748 -2.037370700391019
-2.037370700391019 34.86474992887159

# Matrix 605
0.15910214423114508 -3.2246078588564915
-3.2246078588564915 71.64011458475247

# Matrix 606
0.07554488544616257 -2.0711015029761084
-2.0711015029761084 70.01746583359976

# Matrix 607
0.0799597079233213 -1.8519078715075739
-1.8519078715075739 55.39743552839783

# Matrix 608
0.09376630831163274 -1.8821698725480804
-1.8821698725480804 48.44558254368325

# Matrix 609
0.10494531319329362 -2.125423043292938
-2.125423043292938 52.57426887466947

# Matrix 610
0.1346238232725971 0.055082297013186295
0.055082297013186295 7.450643096157099

# Matrix 611
0.11571331683451354 0.0205006366608023
0.0205006366608023 8.645679714930662

# Matrix 612
0.2012308051442847 1.2418211921048439
1.2418211921048439 12.632856442322375

# Matrix 613
0.1624583711614056 1.357907378502427
1.357907378502427 17.505484194260756

# Matrix 614
0.22676405582727124 1.17852992656203
1.17852992656203 10.534882960560473

# Matrix 615
0.28787891991759873 0.9185083557773033
0.9185083557773033 6.404281356066106

# Matrix 616
0.14268328343139777 0.5478417177179845
0.5478417177179845 9.112003287317785

# Matrix 617
0.15456983169930766 0.3508775225709863
0.3508775225709863 7.266068827909474

# Matrix 618
0.19369243633376804 0.4423483090546607
0.4423483090546607 6.1730444882377995

# Matrix 619
0.17333062461299784 0.18344795207609224
0.18344795207609224 5.963476756798116

# Matrix 620
0.15954976738267218 0.00795557694264812
0.00795557694264812 6.268033527155751

# Matrix 621
0.07818773709668854 -0.011369295089668658
-0.011369295089668658 12.79138261328699

# Matrix 622
0.06347513939465033 0.5651171995097142
0.5651171995097142 20.785420272631924

# Matrix 623
0.07303863555986327 0.7892955145641501
0.7892955145641501 22.22094370835923

# Matrix 624
0.043211945585736045 0.9711806742163813
0.9711806742163813 44.968859319604874

# Matrix 625
0.05622490097647216 1.2165331051239012
1.2165331051239012 44.10773078818155

# Matrix 626
0.07808193980955251 1.916245443453747
1.916245443453747 59.83453550145635

# Matrix 627
0.1037457906752602 2.223497262544301
2.223497262544301 57.29331318267572

# Matrix 628
0.07431140210573503 1.7042094700058954
1.7042094700058954 52.54011910719224

# Matrix 629
0.05062727874791336 1.1733894725603196
1.1733894725603196 46.94786907568774

# Matrix 630
0.0692596424485329 -0.020065369013206845
-0.020065369013206845 14.444235974464338

# Matrix 631
0.039489764263834375 0.37337969161639456
0.37337969161639456 28.853360240366225

# Matrix 632
0.08483536382972263 -0.010938487078055498
-0.010938487078055498 11.788947501975093

# Matrix 633
0.0659867057255526 -0.0798139213740544
-0.0798139213740544 15.251106279357693

# Matrix 634
0.057880405058371456 -0.06417013868184017
-0.06417013868184017 17.348147541224183

# Matrix 635
0.06283123725008961 -0.5902382441649713
-0.5902382441649713 21.460363409810544

# Matrix 636
0.06754334304693027 -0.17868918804455028
-0.17868918804455028 15.278038950589373

# Matrix 637
0.07895480148873744 -0.554710891330237
-0.554710891330237 16.562693443627037

# Matrix 638
0.07473935052760304 -0.25063454697514115
-0.25063454697514115 14.220322609639346

# Matrix 639
0.08706234998426209 -0.8941158313735529
-0.8941158313735529 20.668441872268527

# Matrix 640
0.057697061875404194 0.0017758075606324024
0.0017758075606324024 17.331959739162834

# Matrix 641
0.024783602276075352 0.24142713019766587
0.24142713019766587 42.70109919481274

# Matrix 642
0.024520656777726003 0.15163095263577245
0.15163095263577245 41.71959809520657

# Matrix 643
0.031890446308962955 -0.023767982686096947
-0.023767982686096947 31.37506785910843

# Matrix 644
0.02684084143842807 0.6592703992097461
0.6592703992097461 53.44979450682217

# Matrix 645
0.03618203561476422 0.26659752571800854
0.26659752571800854 29.602376497631557

# Matrix 646
0.0430838800427043 0.4627525160377318
0.4627525160377318 28.180839095638742

# Matrix 647
0.03502741515104944 0.3132472993500285
0.3132472993500285 31.35041126542236

# Matrix 648
0.046249816777818434 0.7936391718571755
0.7936391718571755 35.240423609371604

# Matrix 649
0.03517024668623321 1.046773124087958
1.046773124087958 59.58826481968358

# Matrix 650
0.02436625930395002 0.002588920351206257
0.002588920351206257 41.040632869997964

# Matrix 651
0.024127404072943316 -0.6268649517139827
-0.6268649517139827 57.73350765279597

# Matrix 652
0.025002357197927896 -0.3713154368311378
-0.3713154368311378 45.510715034636874

# Matrix 653
0.03165167431167603 -0.3815258833769953
-0.3815258833769953 36.1927773048015

# Matrix 654
0.025518477779964775 0.3403152248701716
0.3403152248701716 43.725745003273296

# Matrix 655
0.032678993954486854 -0.5356570362332455
-0.5356570362332455 39.380908183970824

# Matrix 656
0.03314289840382744 -0.4630421503679366
-0.4630421503679366 36.64157606919253

# Matrix 657
0.029580876959876396 -0.7424570868592144
-0.7424570868592144 52.44072134614473

# Matrix 658
0.036464120667470686 -0.4619191926077233
-0.4619191926077233 33.27570549594542

# Matrix 659
0.06392937256111551 -0.27177973557566176
-0.27177973557566176 16.79766563707439

# Matrix 660
0.1170385541730791 -0.028166106902138974
-0.028166106902138974 8.5509714012532

# Matrix 661
0.14566136416256045 -0.25891781229223065
-0.25891781229223065 7.325473296620801

# Matrix 662
0.22619629761277193 -0.02296353259585874
-0.02296353259585874 4.423270117100215

# Matrix 663
0.316885736813513 -0.381991635499003
-0.381991635499003 3.616185509370448

# Matrix 664
0.3773774712187343 -1.0455890703645685
-1.0455890703645685 5.546850736228915

# Matrix 665
0.2743091074811655 -0.76072044368491
-0.76072044368491 5.755170172570963

# Matrix 666
0.30117022638751234 -1.227692655370477
-1.227692655370477 8.324957238052441

# Matrix 667
0.4782266410298695 -2.5215917455840824
-2.5215917455840824 15.3868988050337

# Matrix 668
0.34703165397353664 -1.9934691432099687
-1.9934691432099687 14.332753706984837

# Matrix 669
0.329694773556801 -1.9637076139610345
-1.9637076139610345 14.729222246199498

# Matrix 670
0.4320686929529764 0.15788599932426975
0.15788599932426975 2.372141294889352

# Matrix 671
0.5412396025955385 -0.16887630724629635
-0.16887630724629635 1.9003029383231307

# Matrix 672
0.3533761907520274 -0.2018018083381022
-0.2018018083381022 2.945087974472024

# Matrix 673
0.4155353819771784 0.010956122403263529
0.010956122403263529 2.406822812198078

# Matrix 674
0.42816331067229335 0.20512139207905805
0.20512139207905805 2.433825504226894

# Matrix 675
0.36755139034417234 0.22427947875344298
0.22427947875344298 2.857563084189185

# Matrix 676
0.2779980612203774 0.184835399757348
0.184835399757348 3.7200407818083514

# Matrix 677
0.46113210656030307 0.16086810134040144
0.16086810134040144 2.2246955513055555

# Matrix 678
0.41700149356744337 0.21457592239825307
0.21457592239825307 2.508487002106816

# Matrix 679
0.32685919272068753 0.5021704030247676
0.5021704030247676 3.8309313048572697

# Matrix 680
0.2428168607145458 -0.11319685529021317
-0.11319685529021317 4.171100495522227

# Matrix 681
0.3020040812870495 -0.611202708549297
-0.611202708549297 4.548179432159542

# Matrix 682
0.25543713463301176 -0.23627523144400947
-0.23627523144400947 4.133408349223901

# Matrix 683
0.44207772686067676 -0.035926036192028096
-0.035926036192028096 2.2649652295014473

# Matrix 684
0.6851683239621835 -0.22568542691138344
-0.22568542691138344 1.5338331840019177

# Matrix 685
0.5322893722365986 0.03435904675351019
0.03435904675351019 1.8808952353998774

# Matrix 686
0.4739698315907292 0.13427002577851843
0.13427002577851843 2.1478760291680903

# Matrix 687
0.604889435144757 -0.24670280492837232
-0.24670280492837232 1.7538118742405377

# Matrix 688
1.520505299326688 -1.2239670798327766
-1.2239670798327766 1.6429376560677456

# Matrix 689
1.6594760871342629 -1.3823485848115598
-1.3823485848115598 1.7541003648671507

# Matrix 690
0.6683899200649913 0.17502496699096448
0.17502496699096448 1.5419648144453972

# Matrix 691
0.3695361761466021 0.5376205752608572
0.5376205752608572 3.4882535625752364

# Matrix 692
0.4102989092232859 0.157317812264512
0.157317812264512 2.497566703249559

# Matrix 693
0.28290403203706566 -0.1756945109701812
-0.1756945109701812 3.6438807667823845

# Matrix 694
0.20352915463350824 0.1492826913026858
0.1492826913026858 5.0227954995606705

# Matrix 695
0.21254379242716248 0.05776548028527842
0.05776548028527842 4.720612346542308

# Matrix 696
0.27472122704678686 -0.2781950061890391
-0.2781950061890391 3.9217663412846955

# Matrix 697
0.3763855177640208 -0.05775899718904204
-0.05775899718904204 2.665713887496959

# Matrix 698
0.31643176056220884 -0.3423347735765504
-0.3423347735765504 3.530597229604181

# Matrix 699
0.30816116602602533 -0.45112981505842714
-0.45112981505842714 3.905482723715451

# Matrix 700
0.22782430617521646 -0.0930512185796227
-0.0930512185796227 4.4273525780142515

# Matrix 701
0.21721269786393474 -0.666688203948588
-0.666688203948588 6.650040147234088

# Matrix 702
0.13948579782286435 -0.7495603396635235
-0.7495603396635235 11.19713065540843

# Matrix 703
0.1341693434655321 -1.015048466394338
-1.015048466394338 15.132543222521502

# Matrix 704
0.14484607920693496 -1.5894931307956641
-1.5894931307956641 24.346454057679185

# Matrix 705
0.21738189369766436 -2.2564443975731137
-2.2564443975731137 28.02230312618047

# Matrix 706
0.3729030597759712 -3.4971706674356087
-3.4971706674356087 35.478933010419176

# Matrix 707
0.5400873799352849 -4.894508273062922
-4.894508273062922 46.20772890133394

# Matrix 708
0.27974458015367815 -2.6648832483940055
-2.6648832483940055 28.96071381658354

# Matrix 709
0.2527192652362659 -2.592693437860955
-2.592693437860955 30.555878893949558

# Matrix 710
0.3079475265190637 0.12270717030528383
0.12270717030528383 3.296201340267924

# Matrix 711
0.25552369278274334 0.3364034163541634
0.3364034163541634 4.356415040859686

# Matrix 712
0.29337434708318116 -0.37872044241635683
-0.37872044241635683 3.8975090524184166

# Matrix 713
0.2673633880485135 -0.2115551342725132
-0.2115551342725132 3.9076239363315084

# Matrix 714
0.3547034976374831 0.2564555546498626
0.2564555546498626 3.0046770291507383

# Matrix 715
0.2860668690294029 0.18272350363273374
0.18272350363273374 3.612399724183392

# Matrix 716
0.24327263875746488 0.18038312579663257
0.18038312579663257 4.244365816665356

# Matrix 717
0.3803307528705158 -0.01886374362494342
-0.01886374362494342 2.630226015838693

# Matrix 718
0.28140795316607525 0.23776867819116068
0.23776867819116068 3.7544565903055678

# Matrix 719
0.23327296786821422 0.5021426523407738
0.5021426523407738 5.3677340102571085

# Matrix 720
0.23155995857079695 0.06592992838571346
0.06592992838571346 4.337307545120661

# Matrix 721
0.11792106377069754 -0.07539530935384382
-0.07539530935384382 8.528454718048994

# Matrix 722
0.16064067199455004 -0.09096008418679598
-0.09096008418679598 6.276578181579543

# Matrix 723
0.19354036449696332 -0.2261663944182583
-0.2261663944182583 5.431173185481148

# Matrix 724
0.19865395987818604 -0.2765313145504675
-0.2765313145504675 5.418817568937952

# Matrix 725
0.4562667588299071 -0.36891359684756714
-0.36891359684756714 2.489984685390018

# Matrix 726
0.5159987708774838 0.38715167773789977
0.38715167773789977 2.2284673655710976

# Matrix 727
0.5439875847540128 0.264667560342183
0.264667560342183 1.9670465787952705

# Matrix 728
0.40957380040329805 0.36805059481820096
0.36805059481820096 2.772299495787984

# Matrix 729
0.4331403975501355 0.3358418538061663
0.3358418538061663 2.569120213819719

# Matrix 730
0.3426350215894675 0.14108249656870409
0.14108249656870409 2.9766492231493764

# Matrix 731
0.2653672494219639 -0.432863261650935
-0.432863261650935 4.474442893286475

# Matrix 732
0.2837836859372394 -0.7702619470801416
-0.7702619470801416 5.614499867593022

# Matrix 733
0.2714788049547277 -0.3822704456859355
-0.3822704456859355 4.22180543278896

# Matrix 734
0.31504545879190476 -0.6168330569826304
-0.6168330569826304 4.381853417218687

# Matrix 735
0.6387226603761539 -0.9523865401767235
-0.9523865401767235 2.985709197770913

# Matrix 736
0.8399100820290548 -1.145445761587821
-1.145445761587821 2.7527303722251584

# Matrix 737
1.0177233655190037 -0.7514090200313053
-0.7514090200313053 1.5373681772418646

# Matrix 738
0.9358699302744817 -1.3681481136906917
-1.3681481136906917 3.0686200807339947

# Matrix 739
0.9836669645762619 -1.810835183018774
-1.810835183018774 4.350175632768122

# Matrix 740
0.7064482951990442 0.3183835936353957
0.3183835936353957 1.5590215450741154

# Matrix 741
0.8573358529767726 0.7151037476701824
0.7151037476701824 1.7628720001435503

# Matrix 742
1.034804548778466 0.9098172990501964
0.9098172990501964 1.7662925040371933

# Matrix 743
0.9438875335857976 0.5214108849746394
0.5214108849746394 1.3474797215916676

# Matrix 744
0.7773048236385425 0.9152519989081768
0.9152519989081768 2.364177045632182

# Matrix 745
1.3440977007710024 2.0491493747119915
2.0491493747119915 3.8680321801758035

# Matrix 746
1.9650236881893437 3.0347791075590678
3.0347791075590678 5.195807202245401

# Matrix 747
1.5806091970266434 2.7050698629542818
2.7050698629542818 5.262150175457505

# Matrix 748
1.9278814936593016 3.0419956625055815
3.0419956625055815 5.318655552442806

# Matrix 749
1.5122699678137415 2.1728884582869923
2.1728884582869923 3.7833484588920325

# Matrix 750
0.9017971928125166 0.3282187111817477
0.3282187111817477 1.2283554785916304

# Matrix 751
0.8236190685728125 0.22310706319253515
0.22310706319253515 1.274590161523915

# Matrix 752
0.5792730084366255 0.5696932402753777
0.5696932402753777 2.2865736340628575

# Matrix 753
0.4312791198240347 0.6125418782260602
0.6125418782260602 3.1886717658434396

# Matrix 754
0.614253403961272 0.7116961088197733
0.7116961088197733 2.45258934113158

# Matrix 755
0.8734310194288769 0.8904722399948333
0.8904722399948333 2.052756050928661

# Matrix 756
0.7042352101630728 0.2402751391362937
0.2402751391362937 1.501958617266576

# Matrix 757
1.1009247361898742 0.533047769007783
0.533047769007783 1.1664193580465632

# Matrix 758
2.377820733845914 1.1749954895108656
1.1749954895108656 1.001174885257412

# Matrix 759
2.0216138547374145 0.614510309582455
0.614510309582455 0.6814471108588949

# Matrix 760
0.9186716709639418 -0.07723139647894593
-0.07723139647894593 1.0950209094251828

# Matrix 761
0.8313720804246468 0.35233875206489856
0.35233875206489856 1.352153413225595

# Matrix 762
0.49074310500138035 0.4686918161344387
0.4686918161344387 2.485357422409364

# Matrix 763
0.42554493341477473 0.5049240388913465
0.5049240388913465 2.949038248393768

# Matrix 764
0.3503607881116191 0.15466008815464288
0.15466008815464288 2.9224724273134073

# Matrix 765
0.3780968358808063 0.7465168977155535
0.7465168977155535 4.118753003967965

# Matrix 766
0.4896973267926687 0.30520613009882436
0.30520613009882436 2.2322988549061975

# Matrix 767
0.2684217891948269 0.17816016876263788
0.17816016876263788 3.8437306033478134

# Matrix 768
0.43200928010607303 -0.1018189321074901
-0.1018189321074901 2.338762479100981

# Matrix 769
0.41292151393755094 -0.09618727666459906
-0.09618727666459906 2.4441739122965345

# Matrix 770
0.4506738914983513 -0.17512212714469175
-0.17512212714469175 2.2869480102098443

# Matrix 771
0.4746031105951814 0.19253768169542607
0.19253768169542607 2.185132662894052

# Matrix 772
0.49240440518821177 0.19250160019362744
0.19250160019362744 2.1061080184299183

# Matrix 773
0.6169096422980183 -0.6351981270147897
-0.6351981270147897 2.2750117105238927

# Matrix 774
0.41312484062998095 -0.9270776898448548
-0.9270776898448548 4.500995486431005

# Matrix 775
0.7986661763606515 -0.997005740459925
-0.997005740459925 2.4966882353730844

# Matrix 776
0.6989319785090662 -0.9710764850311755
-0.9710764850311755 2.7799408233190457

# Matrix 777
0.8802352135690734 -1.2906281034494145
-1.2906281034494145 3.028418836602529

# Matrix 778
0.8060666791879956 -1.5016848110739067
-1.5016848110739067 4.038198521106355

# Matrix 779
1.0354759893584193 -1.6426628409508062
-1.6426628409508062 3.571633960660029

# Matrix 780
1.1158542281274235 0.3309221447632717
0.3309221447632717 0.9943139864753234

# Matrix 781
1.4533512394597534 0.14594070613066856
0.14594070613066856 0.7027197981993397

# Matrix 782
1.7056334545751788 0.222297328074241
0.222297328074241 0.6152647271628031

# Matrix 783
2.0596136102763247 0.6137326092724639
0.6137326092724639 0.6684106712130768

# Matrix 784
2.5984051578557157 0.04792175871398123
0.04792175871398123 0.3857352622349961

# Matrix 785
3.1390111884315672 0.02307327374242095
0.02307327374242095 0.3187412582817575

# Matrix 786
3.995739313009258 0.47479017827732206
0.47479017827732206 0.30668309851918807

# Matrix 787
4.563622896789943 1.0765989078542557
1.0765989078542557 0.4731033341759383

# Matrix 788
5.185655441912832 1.2582550029582216
1.2582550029582216 0.498144483644391

# Matrix 789
2.8227391608163224 1.1303573668935172
1.1303573668935172 0.8069140105144336

# Matrix 790
1.1430489779975335 0.09941727270412905
0.09941727270412905 0.8835000192914799

# Matrix 791
1.1301833441570701 -0.04362331155885699
-0.04362331155885699 0.8864959818166627

# Matrix 792
1.0363504687871177 0.23643882455183718
0.23643882455183718 1.0188670238082875

# Matrix 793
0.5926021739704316 0.2708503346817459
0.2708503346817459 1.8112655520746872

# Matrix 794
0.2965072486886482 -0.23188322794950728
-0.23188322794950728 3.553942900434146

# Matrix 795
0.35595523316248606 0.08652815614717493
0.08652815614717493 2.830375923554222

# Matrix 796
0.37538432597415133 0.3417080802747784
0.3417080802747784 2.9749894570770485

# Matrix 797
0.4151148875820901 0.5857740127102274
0.5857740127102274 3.235564982479781

# Matrix 798
0.32191868405928004 0.259052342843179
0.259052342843179 3.3148374703719785

# Matrix 799
0.30236705414186404 0.33984833151880617
0.33984833151880617 3.6892143940812727

# Matrix 800
0.5367958544400341 -0.2544663705867499
-0.2544663705867499 1.9835345689662691

# Matrix 801
0.5072490354468416 -0.38901471260907783
-0.38901471260907783 2.2697577839888865

# Matrix 802
0.5858748726401856 -0.7369273061905509
-0.7369273061905509 2.633773740211132

# Matrix 803
0.3356726558891683 -0.5059402534301857
-0.5059402534301857 3.741667717062113

# Matrix 804
0.43803156963120854 -0.5201889894292232
-0.5201889894292232 2.9006963717093464

# Matrix 805
0.9311685449590276 -0.7330064651306945
-0.7330064651306945 1.6509347166479285

# Matrix 806
0.7992689153649428 -0.047314202027545785
-0.047314202027545785 1.2539442163291006

# Matrix 807
1.1443747616892819 -0.10346225741904101
-0.10346225741904101 0.8831935765677678

# Matrix 808
2.3869516850569763 -0.9075473462377264
-0.9075473462377264 0.7640046495618991

# Matrix 809
3.4492915406954774 -1.7639017819924439
-1.7639017819924439 1.1919402717948138

# Matrix 810
0.7304690866312936 -0.3310103478555383
-0.3310103478555383 1.5189798866156563

# Matrix 811
0.6202004651938616 -0.365416489374891
-0.365416489374891 1.8276819743318837

# Matrix 812
0.7332686235230873 -1.1731962202046546
-1.1731962202046546 3.240816932388035

# Matrix 813
1.4450707614339056 -1.5049170462776469
-1.5049170462776469 2.2592494452918603

# Matrix 814
1.8971294219362667 -2.1192814991707674
-2.1192814991707674 2.8945595430821243

# Matrix 815
4.349854961275848 -4.62776551386252
-4.62776551386252 5.1533243868711365

# Matrix 816
2.424788224603375 -2.8710812013665294
-2.8710812013665294 3.811923520187903

# Matrix 817
3.636210098152575 -4.066607365271904
-4.066607365271904 4.822959892277333

# Matrix 818
3.0538411013078695 -3.4774027930210676
-3.4774027930210676 4.28716811077815

# Matrix 819
2.4936397664079712 -2.6025532044016737
-2.6025532044016737 3.1172438322711904

# Matrix 820
0.5454295308320802 -0.10457160472115323
-0.10457160472115323 1.8534662378322724

# Matrix 821
0.7357593463095008 -0.059184249213260556
-0.059184249213260556 1.363900819457357

# Matrix 822
0.7261923527672502 0.4348292185719076
0.4348292185719076 1.6374125185878448

# Matrix 823
1.3462971081125594 0.738049423478115
0.738049423478115 1.147381913091972

# Matrix 824
1.287180020441418 0.2740202722164579
0.2740202722164579 0.8352266913037522

# Matrix 825
1.383654246874007 0.479723712982989
0.479723712982989 0.8890478553998173

# Matrix 826
1.8393205362732858 0.4607408006121272
0.4607408006121272 0.6590923449400247

# Matrix 827
1.8823583125071066 -0.019864351617332826
-0.019864351617332826 0.5314581107210959

# Matrix 828
1.5247764821585563 -0.0552978173052161
-0.0552978173052161 0.6578392704344034

# Matrix 829
2.0474374426652338 -0.3139437333732125
-0.3139437333732125 0.5365539600048874

# Matrix 830
0.49278371445492675 0.053750626850610425
0.053750626850610425 2.0351507171785084

# Matrix 831
0.3480497978509882 0.6471404952933063
0.6471404952933063 4.076401794825629

# Matrix 832
0.4179817044344508 1.6878612373505497
1.6878612373505497 9.208239297837787

# Matrix 833
0.41882315677625315 2.472902872228137
2.472902872228137 16.988670517268776

# Matrix 834
0.5555128178850363 3.332121637537669
3.332121637537669 21.78713832999521

# Matrix 835
0.7871964077816133 4.829565556392197
4.829565556392197 30.900424878765595

# Matrix 836
1.300594070866896 8.249884651510126
8.249884651510126 53.09927079491514

# Matrix 837
1.855087842044245 11.535129005954575
11.535129005954575 72.26568906639257

# Matrix 838
1.938429191284345 11.687323541362556
11.687323541362556 70.98197456948223

# Matrix 839
2.4659643546043943 15.202015235104383
15.202015235104383 94.12190682114743

# Matrix 840
0.5382832750315955 -0.21575975502087266
-0.21575975502087266 1.9442407379743274

# Matrix 841
0.679967302752845 -1.299723458639347
-1.299723458639347 3.9550152750726126

# Matrix 842
0.8259338028298946 -1.5028751675169854
-1.5028751675169854 3.945393393482818

# Matrix 843
0.6190863631459679 -1.3749813617034459
-1.3749813617034459 4.669096134411741

# Matrix 844
0.6976896689787055 -2.1234725540851533
-2.1234725540851533 7.896255216187057

# Matrix 845
0.7316652307985237 -2.232552516591172
-2.232552516591172 8.179001116134012

# Matrix 846
0.9340146765530227 -3.0631489922289203
-3.0631489922289203 11.116401068675955

# Matrix 847
0.8184772189615954 -2.492762456711477
-2.492762456711477 8.81376353362955

# Matrix 848
1.2044342074089642 -3.9006460516335184
-3.9006460516335184 13.462785696702115

# Matrix 849
1.4476285076137512 -4.126668104771123
-4.126668104771123 12.454431197030422

# Matrix 850
0.5625679710267224 0.05084475604427855
0.05084475604427855 1.7821583183760359

# Matrix 851
0.5988760817158573 -0.551030798137362
-0.551030798137362 2.1768024810087856

# Matrix 852
0.9034804289351327 -1.0094337486267935
-1.0094337486267935 2.234643306270993

# Matrix 853
0.9873494172848507 -1.4948476417023895
-1.4948476417023895 3.2760129446352035

# Matrix 854
1.0526320897694008 -1.425954174398414
-1.425954174398414 2.881676643687326

# Matrix 855
2.0028301082407696 -2.08923919457478
-2.08923919457478 2.678669743416166

# Matrix 856
1.6337083078467294 -1.3500618755246183
-1.3500618755246183 1.7277668566583957

# Matrix 857
0.8152919146239752 -0.8397004403884715
-0.8397004403884715 2.0913942589201424

# Matrix 858
0.6080397970461863 -0.5322885527567376
-0.5322885527567376 2.110603795393316

# Matrix 859
0.855121423591757 -0.5092658526272992
-0.5092658526272992 1.4727168258310839

# Matrix 860
0.6664432458073459 -0.036607862417796476
-0.036607862417796476 1.5025137427535213

# Matrix 861
0.671848428393939 -0.16074980279625523
-0.16074980279625523 1.526892756973947

# Matrix 862
1.703133325267182 -0.828191676165315
-0.828191676165315 0.9898822525858537

# Matrix 863
0.6830174987591024 -0.20552110740317808
-0.20552110740317808 1.525932977532428

# Matrix 864
0.6284562449663582 -0.017475423845481078
-0.017475423845481078 1.5916866105644731

# Matrix 865
1.0041034022898216 -0.6054485561551038
-0.6054485561551038 1.3609832921927074

# Matrix 866
1.6289053169489158 -0.8522524222126796
-0.8522524222126796 1.0598124846206263

# Matrix 867
7.07901757264414 -3.3588213158150126
-3.3588213158150126 1.7349413962516644

# Matrix 868
7.836389319623774 -3.8822585433384367
-3.8822585433384367 2.0509357998685926

# Matrix 869
7.421220923641441 -3.4598794449042813
-3.4598794449042813 1.7477940498915467

# Matrix 870
0.6657472001233208 -0.2692138886397135
-0.2692138886397135 1.610935979359514

# Matrix 871
0.8214493651557597 -0.3811155125244452
-0.3811155125244452 1.394180922727493

# Matrix 872
1.1585632153815382 -1.1611115810477606
-1.1611115810477606 2.026803606801833

# Matrix 873
2.4597320846025075 -2.864509143400136
-2.864509143400136 3.742445240376891

# Matrix 874
2.224238926328966 -2.3983311943126244
-2.3983311943126244 3.03564173690502

# Matrix 875
2.8393789362420705 -3.323630873822901
-3.323630873822901 4.2426609677440235

# Matrix 876
2.120045422449207 -2.3262383089114804
-2.3262383089114804 3.0241732568354682

# Matrix 877
3.1202272112085603 -2.9963908829431767
-2.9963908829431767 3.197958881821321

# Matrix 878
1.4315798014215226 -1.499881091083024
-1.499881091083024 2.269970059763059

# Matrix 879
1.798737364464925 -2.6222063264483544
-2.6222063264483544 4.3786081137023904

# Matrix 880
0.924853152706308 0.035164861845052034
0.035164861845052034 1.0825897760944647

# Matrix 881
0.9533001115823979 0.017872618988538407
0.017872618988538407 1.0493226827059354

# Matrix 882
0.7647526218056572 -0.0019507496254241616
-0.0019507496254241616 1.307617361367121

# Matrix 883
1.2761191079334369 -0.2787731060898988
-0.2787731060898988 0.8445249647772097

# Matrix 884
1.2739271804812626 -0.30898416488252867
-0.30898416488252867 0.8599166662998019

# Matrix 885
1.2446102433279895 -0.569673148077731
-0.569673148077731 1.0642106657415178

# Matrix 886
1.9783114105904194 -0.7589187089703139
-0.7589187089703139 0.7966175589892744

# Matrix 887
1.7709044631407131 0.1827940097845558
0.1827940097845558 0.5835513273146022

# Matrix 888
1.4115277134712492 -0.1670541553303562
-0.1670541553303562 0.7282231025314373

# Matrix 889
1.6464507163061217 0.41495025073868846
0.41495025073868846 0.7119458232056539

# Matrix 890
1.0056380475620523 -0.2516873718748523
-0.2516873718748523 1.0573849465412724

# Matrix 891
1.4039928343869423 -0.14189310066318955
-0.14189310066318955 0.7265946285696383

# Matrix 892
1.9251023134033396 0.796970963957891
0.796970963957891 0.8493900329386688

# Matrix 893
2.733621137904918 0.29376872464766435
0.29376872464766435 0.397385010131166

# Matrix 894
2.2017631765025225 -0.2611227739606164
-0.2611227739606164 0.4851498628375137

# Matrix 895
2.320150632032955 -0.37957718764173454
-0.37957718764173454 0.493105415477075

# Matrix 896
1.6718338972682025 -0.14818511264887715
-0.14818511264887715 0.6112801213569445

# Matrix 897
1.5774832791133948 0.09174001646691499
0.09174001646691499 0.6392563673880066

# Matrix 898
2.1955674649658947 0.08208528365602914
0.08208528365602914 0.45853202411547356

# Matrix 899
1.937456920708042 -0.045739207504646856
-0.045739207504646856 0.5172203130776912

# Matrix 900
0.5048845193816156 -0.006816326783094822
-0.006816326783094822 1.9807429697699475

# Matrix 901
0.7633034076271923 0.13981719297158465
0.13981719297158465 1.3357058769327739

# Matrix 902
0.6095804571815665 0.03449303072023091
0.03449303072023091 1.6424243221269432

# Matrix 903
0.7366294688691123 0.1488881454338904
0.1488881454338904 1.3876280043751097

# Matrix 904
0.5067957738585966 0.40803445304593555
0.40803445304593555 2.3017005567966002

# Matrix 905
0.6175964556825979 0.3950724499782242
0.3950724499782242 1.8719055624340295

# Matrix 906
0.8350069808417069 -0.16037506904706303
-0.16037506904706303 1.22839711080966

# Matrix 907
0.7882729426010088 0.30745165410425324
0.30745165410425324 1.3885121008973227

# Matrix 908
0.5920773056074426 -0.19756469339273977
-0.19756469339273977 1.7548921369471695

# Matrix 909
0.9593735979624853 -0.42427261221973644
-0.42427261221973644 1.2299767806679842

# Matrix 910
0.7422843238242649 0.2583774473369803
0.2583774473369803 1.4371297777062149

# Matrix 911
1.3609401789130826 -0.2917863098926009
-0.2917863098926009 0.797345296622361

# Matrix 912
0.7646662291296524 -0.2347127437562318
-0.2347127437562318 1.3798047198743013

# Matrix 913
0.649697314909436 -0.41014952995688975
-0.41014952995688975 1.7981029167200744

# Matrix 914
0.9127601067427779 -0.4040063289840701
-0.4040063289840701 1.2743995988279846

# Matrix 915
1.0254173486084246 -0.49106274673217815
-0.49106274673217815 1.2103780211174346

# Matrix 916
1.0238095744209357 -0.5085066083449623
-0.5085066083449623 1.2293096315712289

# Matrix 917
1.2237556412632495 -0.5495558862429276
-0.5495558862429276 1.0639474321525646

# Matrix 918
0.9039319648325617 -0.42143127016556203
-0.42143127016556203 1.3027576867375084

# Matrix 919
1.6037095047781644 -0.1799399227895257
-0.1799399227895257 0.643744002724674

# Matrix 920
0.6949704432960271 -0.33725180704507624
-0.33725180704507624 1.6025699971829812

# Matrix 921
0.900810277639796 -0.1280648148372602
-0.1280648148372602 1.128318162024486

# Matrix 922
1.0554006535055451 0.22553525232815483
0.22553525232815483 0.9957035241092953

# Matrix 923
1.1852933449694258 0.24198083830229528
0.24198083830229528 0.8930740483764267

# Matrix 924
1.5374198100760041 -0.07913602807967897
-0.07913602807967897 0.6545138187665749

# Matrix 925
2.1504031579956764 -0.015605901646131697
-0.015605901646131697 0.465142334100032

# Matrix 926
3.6239308968933717 0.29364993605218587
0.29364993605218587 0.2997381340451684

# Matrix 927
4.220335972607276 0.8443164824242864
0.8443164824242864 0.40586112897431914

# Matrix 928
3.67487421984513 0.6946440171562261
0.6946440171562261 0.40342341584507824

# Matrix 929
5.953984727095343 1.423514688760458
1.423514688760458 0.5082972509728308

# Matrix 930
0.969195252189668 -0.0925548876649523
-0.0925548876649523 1.0406225215734952

# Matrix 931
1.569834047449636 0.039140948946038145
0.039140948946038145 0.6379859167352704

# Matrix 932
0.8038634722667384 0.41302337184489085
0.41302337184489085 1.4562028827971147

# Matrix 933
1.1447365149037827 -0.3543344913522659
-0.3543344913522659 0.9832419225803012

# Matrix 934
1.0671464031865645 0.22661645216753912
0.22661645216753912 0.9852022302222001

# Matrix 935
1.1131659260603874 -0.08735196325311008
-0.08735196325311008 0.9051933246378494

# Matrix 936
1.265772856501684 0.26109156408612877
0.26109156408612877 0.8438866415488822

# Matrix 937
1.067747858034001 0.569853867563393
0.569853867563393 1.240680016737409

# Matrix 938
0.6603207860805479 -0.20199251519447436
-0.20199251519447436 1.5762050780991619

# Matrix 939
0.4018140148867272 0.4108013624221351
0.4108013624221351 2.9087033206080664

# Matrix 940
0.5233113716697564 -0.06278313963608614
-0.06278313963608614 1.9184404868161682

# Matrix 941
0.4554778072182018 -0.3606972951689865
-0.3606972951689865 2.4811363382208316

# Matrix 942
0.4466329309730622 -0.31206305832182324
-0.31206305832182324 2.4570139733725904

# Matrix 943
0.6013118037238492 -0.30489006441159555
-0.30489006441159555 1.8176226453702624

# Matrix 944
0.45305060310082934 -0.4443072631450101
-0.4443072631450101 2.6429916126100332

# Matrix 945
0.7739553849922103 -0.2555847269930306
-0.2555847269930306 1.3764663614076724

# Matrix 946
0.8985295643775839 -0.3575118733937942
-0.3575118733937942 1.255178220428154

# Matrix 947
1.2017097451311956 -0.9065774363756341
-0.9065774363756341 1.5160754545986597

# Matrix 948
0.6190917957955273 -0.3843639797092891
-0.3843639797092891 1.8539022430803382

# Matrix 949
0.8192587252021104 -0.46157059235588516
-0.46157059235588516 1.4806646232891874

# Matrix 950
0.8006764782684113 -0.2050125296767278
-0.2050125296767278 1.3014371791937802

# Matrix 951
0.7366436994888205 -0.4382061598087925
-0.4382061598087925 1.6181834438026836

# Matrix 952
0.4068119269063591 -0.7000671887671581
-0.7000671887671581 3.662857380116451

# Matrix 953
0.47560987316766273 -0.37447228886023576
-0.37447228886023576 2.397405015017988

# Matrix 954
0.5226770260842627 -0.4811738092953539
-0.4811738092953539 2.3561935445642916

# Matrix 955
0.2849779961068407 0.4785207301067567
0.4785207301067567 4.312550814207941

# Matrix 956
0.32724460499728586 0.38433688220415685
0.38433688220415685 3.507207824043214

# Matrix 957
0.5311571488402282 0.7719868324078664
0.7719868324078664 3.004692063160381

# Matrix 958
0.9578029517689471 1.8392430346153463
1.8392430346153463 4.575904607817855

# Matrix 959
0.9079750036367512 0.8353007557427726
0.8353007557427726 1.8697952539931901

# Matrix 960
0.7508405544170011 -0.30249324884715123
-0.30249324884715123 1.4537069943506369

# Matrix 961
1.0996745201254314 -0.7855647986692978
-0.7855647986692978 1.470536984637857

# Matrix 962
0.9735505333657373 -0.4675054366274506
-0.4675054366274506 1.2516672648346665

# Matrix 963
0.5661742796388878 -0.39782929376135967
-0.39782929376135967 2.045780228154162

# Matrix 964
0.47346550018921985 -0.9106437217269358
-0.9106437217269358 3.863580318290601

# Matrix 965
0.3906946935338214 -0.9174925007654744
-0.9174925007654744 4.714147694973607

# Matrix 966
0.49129222564108704 -1.9285659050556307
-1.9285659050556307 9.606027133819886

# Matrix 967
0.6641811297097819 -2.733611006959483
-2.733611006959483 12.756503848689897

# Matrix 968
1.4483173900684794 -5.82429651480411
-5.82429651480411 24.11241495257341

# Matrix 969
2.1711718391226276 -8.312303570154215
-8.312303570154215 32.28412849658354

# Matrix 970
0.78533635120459 0.08824452626429925
0.08824452626429925 1.2832553782462943

# Matrix 971
0.6618605025239236 -0.1254220549616575
-0.1254220549616575 1.534659778000713

# Matrix 972
0.7808989028756987 -0.5666630160702777
-0.5666630160702777 1.6917772184297126

# Matrix 973
0.9809021110013179 -0.5791091734307617
-0.5791091734307617 1.361366664190884

# Matrix 974
0.8863523527293503 -0.31093758259707555
-0.31093758259707555 1.237298210913857

# Matrix 975
0.9640137352866759 -0.4028259968003942
-0.4028259968003942 1.2056558336822856

# Matrix 976
0.7595579403930458 -0.18221721653715214
-0.18221721653715214 1.3602689920770221

# Matrix 977
0.7058745736256111 -0.043475017969920225
-0.043475017969920225 1.4193599183512697

# Matrix 978
0.45800638497109547 -0.18967484399756424
-0.18967484399756424 2.261925991514027

# Matrix 979
0.3903448764180385 -0.034751698065841614
-0.034751698065841614 2.5649310161463976

# Matrix 980
0.7639602323324174 0.13644306205448486
0.13644306205448486 1.3333373467266807

# Matrix 981
0.6123989899528385 0.30395838645539247
0.30395838645539247 1.7837891940035562

# Matrix 982
0.6324644471860308 -0.3143928046563329
-0.3143928046563329 1.737398585025073

# Matrix 983
0.7285633668105794 0.15665289921519895
0.15665289921519895 1.4062471124751177

# Matrix 984
0.5361997776755117 -0.07592707189762292
-0.07592707189762292 1.8757279695397384

# Matrix 985
0.3831695610807822 -0.21614976845068273
-0.21614976845068273 2.731742885444409

# Matrix 986
0.32779465639287075 0.21746960444460517
0.21746960444460517 3.1949667526064967

# Matrix 987
0.2920026371453957 0.2526642167911434
0.2526642167911434 3.643252050209974

# Matrix 988
0.30405541562738786 0.15286931993534428
0.15286931993534428 3.365731956675974

# Matrix 989
0.29627410327601245 -0.10734347562065943
-0.10734347562065943 3.4141445727910167

# Matrix 990
0.2523584501447983 -0.0675869644585756
-0.0675869644585756 3.9807186848243976

# Matrix 991
0.23494082817334655 -0.358013750202343
-0.358013750202343 4.80194887412904

# Matrix 992
0.2945423277118744 -0.34004081124862445
-0.34004081124862445 3.787665297484665

# Matrix 993
0.4743786873530124 -0.8374138545615241
-0.8374138545615241 3.586295103821944

# Matrix 994
0.7528750319539638 -0.21355239259401493
-0.21355239259401493 1.3888156466936257

# Matrix 995
0.740220051059195 -0.4764615334987986
-0.4764615334987986 1.6576362544465888

# Matrix 996
0.7897225092852181 -0.294646960240226
-0.294646960240226 1.3762009039890337

# Matrix 997
0.4230419831031381 0.18896983344887075
0.18896983344887075 2.4482430570045497

# Matrix 998
0.37977618641951316 0.5799737819432974
0.5799737819432974 3.518834607142572

# Matrix 999
0.43084467550173355 0.6870979843837004
0.6870979843837004 3.4167850361149945

# Matrix 1000
0.48655107181598173 0.07938178149604813
0.07938178149604813 2.068233995411029

