# Matrix 1
1.8114807074272674 -0.9057257454109863 -0.9057242724645804 0.9057348909020648 0.9057222909259928 0.9057256867693734 -0.9057396530192235
-0.9057257454109863 1.8114254241873493 0.905665030101576 -0.9057026809174862 7.759823631650495e-5 4.55597653415023e-5 0.9057490424922178
-0.9057242724645804 0.905665030101576 1.8113870505924219 -0.9056882970790043 -0.9056465453012454 -0.9056931196407585 1.3015182016210179e-5
0.9057348909020648 -0.9057026809174862 -0.9056882970790043 1.8114561343197304 0.905692007190421 -2.5661203374930304e-5 -0.9057529786526857
0.9057222909259928 7.759823631650495e-5 -0.9056465453012454 0.905692007190421 1.8113980439375643 0.9056929599016892 -9.05569874747281e-6
0.9057256867693734 4.55597653415023e-5 -0.9056931196407585 -2.5661203374930304e-5 0.9056929599016892 1.8114549670980709 2.2271399151348424e-6
-0.9057396530192235 0.9057490424922178 1.3015182016210179e-5 -0.9057529786526857 -9.05569874747281e-6 2.2271399151348424e-6 1.8114773239118696

# Matrix 2
1.8114030279780473 -0.9056548107211215 -0.905659439590364 0.9056378487563232 0.9056450593274683 0.9056306357800411 -0.9056501559399069
-0.9056548107211215 1.8114253731931618 0.9056728541985072 -0.9056494072210431 0.00010488663306071943 0.00012110238905044198 -8.878137819702718e-5
-0.905659439590364 0.9056728541985072 1.8114263948482339 -0.9056594525152103 -0.905657866660458 -0.9056542530119491 0.905657262599896
0.9056378487563232 -0.9056494072210431 -0.9056594525152103 1.8113956209264417 -0.00011827407853605456 0.9056268309459803 0.00010784221844081775
0.9056450593274683 0.00010488663306071943 -0.905657866660458 -0.00011827407853605456 1.811410335359428 0.9056360055513816 -0.9056502599575117
0.9056306357800411 0.00012110238905044198 -0.9056542530119491 0.9056268309459803 0.9056360055513816 1.8113806433809843 -0.9056484855801511
-0.9056501559399069 -8.878137819702718e-5 0.905657262599896 0.00010784221844081775 -0.9056502599575117 -0.9056484855801511 1.8113984650860804

# Matrix 3
1.8114529802239925 -9.062317619824809e-6 0.9057231553948909 -0.905717426765666 -0.9057172665514587 -0.9057176182845526 0.9057119210226314
-9.062317619824809e-6 1.8114437475178504 0.9057158975055234 2.0013744030885608e-5 -0.9057116565941941 -0.9057062904129725 0.9057006184015756
0.9057231553948909 0.9057158975055234 1.81144947234773 -0.9057139934930337 -0.9057144177674415 -0.9057106825576988 0.9057051488489558
-0.905717426765666 2.0013744030885608e-5 -0.9057139934930337 1.8114379098307205 0.9057064366076139 -2.9042952609318085e-5 -0.9056948212402808
-0.9057172665514587 -0.9057116565941941 -0.9057144177674415 0.9057064366076139 1.811437610318128 0.9057022737573439 -0.9056947813212937
-0.9057176182845526 -0.9057062904129725 -0.9057106825576988 -2.9042952609318085e-5 0.9057022737573439 1.811426618904208 -0.9056877179317561
0.9057119210226314 0.9057006184015756 0.9057051488489558 -0.9056948212402808 -0.9056947813212937 -0.9056877179317561 1.8114077911516073

# Matrix 4
1.811460022750892 -0.9057030225640323 0.9057157323558125 0.9057101229823007 0.9056758888993988 0.9056870712161865 0.9056979549906835
-0.9057030225640323 1.811430673340017 4.287412922206736e-5 5.3954761965434134e-5 -0.9056433435193252 -0.9056612757584794 -0.9056775179307032
0.9057157323558125 4.287412922206736e-5 1.811460196286713 0.9057084528668761 0.9056762380057848 0.9056892192044387 0.9056963442781923
0.9057101229823007 5.3954761965434134e-5 0.9057084528668761 1.811443644923195 0.9056559596369725 -6.829072644406472e-5 0.90568710339393
0.9056758888993988 -0.9056433435193252 0.9056762380057848 0.9056559596369725 1.8113156211945272 0.905613119590599 0.9056419127038943
0.9056870712161865 -0.9056612757584794 0.9056892192044387 -6.829072644406472e-5 0.905613119590599 1.8113682738631156 0.9056487424985947
0.9056979549906835 -0.9056775179307032 0.9056963442781923 0.90568710339393 0.9056419127038943 0.9056487424985947 1.8114039591244817

# Matrix 5
1.6572314647257633 -0.552234519885529 -0.5523108604703377 -0.5528332362879864 -0.5530842226697654 -0.5528285033874726 -0.5524991809255734
-0.552234519885529 1.657227935324674 0.5520541133659281 -0.5521605214919193 -0.5514651482172964 -0.551719548904273 -0.5524282864554965
-0.5523108604703377 0.5520541133659281 1.6564811162772095 0.5526325823917619 0.5533332752558741 -0.5517943915817783 0.5524454964582621
-0.5528332362879864 -0.5521605214919193 0.5526325823917619 1.6572234098111307 0.5516500823038888 0.551906688946928 0.5522403681535921
-0.5530842226697654 -0.5514651482172964 0.5533332752558741 0.5516500823038888 1.6552456988719357 0.5506993746732953 0.5520550422648981
-0.5528285033874726 -0.551719548904273 -0.5517943915817783 0.551906688946928 0.5506993746732953 1.656269375448278 0.5521750055864589
-0.5524991809255734 -0.5524282864554965 0.5524454964582621 0.5522403681535921 0.5520550422648981 0.5521750055864589 1.6573046647845555

# Matrix 6
1.811460209483487 -0.9057264426549466 0.905713795803742 0.9057264021663046 -0.9057264392721366 -0.9057009246476232 -0.9057137368790468
-0.9057264426549466 1.8114604044789522 -0.9057157663652596 -0.9057246961374493 -7.340853729101324e-6 -3.06868843165317e-5 -1.984511211352153e-5
0.905713795803742 -0.9057157663652596 1.8114297951462777 0.9057138193622328 -0.9057139159199157 -0.905672311927807 -0.9056957189246208
0.9057264021663046 -0.9057246961374493 0.9057138193622328 1.8114585482677097 -0.9057264633205212 3.4497108594286394e-5 -0.9057120891807958
-0.9057264392721366 -7.340853729101324e-6 -0.9057139159199157 -0.9057264633205212 1.8114603028655998 0.9057011465154954 0.9057137607866919
-0.9057009246476232 -3.06868843165317e-5 -0.905672311927807 3.4497108594286394e-5 0.9057011465154954 1.8113746093693737 0.9056700899252211
-0.9057137368790468 -1.984511211352153e-5 -0.9056957189246208 -0.9057120891807958 0.9057137607866919 0.9056700899252211 1.8114275873751409

# Matrix 7
1.8114638022509895 0.9056320181849656 0.9056622987454194 -0.9056856757238848 0.9056818274321307 0.9057086696907706 0.9056979886900274
0.9056320181849656 1.8112657279771325 0.905555560908206 -0.9056162134310546 -0.0001676026664624105 -0.00010369328476715986 -0.0001302977011639813
0.9056622987454194 0.905555560908206 1.8113675107369938 -0.9056535099096372 0.905628475724779 0.9056836604533225 0.9056676698008512
-0.9056856757238848 -0.9056162134310546 -0.9056535099096372 1.8114427380335592 8.920147398655982e-5 6.419762496599911e-5 -0.9056874387427086
0.9056818274321307 -0.0001676026664624105 0.905628475724779 8.920147398655982e-5 1.811410272399078 0.9056926250027656 0.9056890587391881
0.9057086696907706 -0.00010369328476715986 0.9056836604533225 6.419762496599911e-5 0.9056926250027656 1.8114834346520685 0.9057087628154747
0.9056979886900274 -0.0001302977011639813 0.9056676698008512 -0.9056874387427086 0.9056890587391881 0.9057087628154747 1.8114673977682003

# Matrix 8
1.8131183977229572 0.9006221137021782 -0.905439552498724 -0.9005976161174288 0.900615985709429 0.8983759539486081 -0.9005939338554064
0.9006221137021782 1.800201208949229 0.004789254684092372 0.013037965541591824 0.8953355301807475 0.8877415591176292 -0.8940943092358626
-0.905439552498724 0.004789254684092372 1.8144540476788154 0.9030799510608134 -0.9030815425490899 -0.902538643649343 0.9036593401341712
-0.9005976161174288 0.013037965541591824 0.9030799510608134 1.8048701893156047 -0.8965628539064736 -0.8912730432390659 0.8965417350475634
0.900615985709429 0.8953355301807475 -0.9030815425490899 -0.8965628539064736 1.8049081345761118 0.8913114285072161 -0.8965732725052096
0.8983759539486081 0.8877415591176292 -0.902538643649343 -0.8912730432390659 0.8913114285072161 1.7915155007594632 -0.8906625984619254
-0.9005939338554064 -0.8940943092358626 0.9036593401341712 0.8965417350475634 -0.8965732725052096 -0.8906625984619254 1.8042346714122717

# Matrix 9
1.8114480651202534 -0.9057145816345777 -0.9057162994523389 -0.9057237400873178 0.9057071991289415 0.9057072545832374 0.905703575854736
-0.9057145816345777 1.8114372725446863 -1.727437277529671e-5 -7.881827564080426e-6 -0.9056982089557488 -0.9056982214884961 -0.9056962045123172
-0.9057162994523389 -1.727437277529671e-5 1.811447460929205 0.9057236989486277 -0.9057066551488838 -0.9057066928669495 -0.9057029537226133
-0.9057237400873178 -7.881827564080426e-6 0.9057236989486277 1.8114573280436843 1.1625787070172132e-5 -0.9057183319904383 1.3416219839335085e-5
0.9057071991289415 -0.9056982089557488 -0.9057066551488838 1.1625787070172132e-5 1.8114167033330129 0.9056868631813332 0.905683015987298
0.9057072545832374 -0.9056982214884961 -0.9057066928669495 -0.9057183319904383 0.9056868631813332 1.8114167775257946 0.9056830114931077
0.905703575854736 -0.9056962045123172 -0.9057029537226133 1.3416219839335085e-5 0.905683015987298 0.9056830114931077 1.811407222216446

# Matrix 10
1.8114771719138532 -7.979919251710623e-5 -0.905683458042709 -0.9057206209124496 0.905689014987186 -0.905624681973386 0.9056461372316293
-7.979919251710623e-5 1.8114142030971814 -0.9056648909196325 6.217388687668486e-5 0.9056418674807437 -0.9055350763031256 0.905588522704976
-0.905683458042709 -0.9056648909196325 1.8114334718331968 0.9057046041821372 -0.9056595930769875 0.905568632083449 -0.9056025402904105
-0.9057206209124496 6.217388687668486e-5 0.9057046041821372 1.811496497114287 6.216682264695842e-5 0.9056511160665911 9.628787786354742e-5
0.905689014987186 0.9056418674807437 -0.9056595930769875 6.216682264695842e-5 1.811408960594155 -0.9055334155187259 0.9055832624820578
-0.905624681973386 -0.9055350763031256 0.905568632083449 0.9056511160665911 -0.9055334155187259 1.8110954676371043 -0.9054281984018403
0.9056461372316293 0.905588522704976 -0.9056025402904105 9.628787786354742e-5 0.9055832624820578 -0.9054281984018403 1.8112612670316364

# Matrix 11
1.6561396530296773 0.5520481633536359 0.5520469346506733 0.5520452588861267 -0.5520457501029807 -0.5520452441348679 0.5520446999253891
0.5520481633536359 1.6561283826689883 0.5520459623500285 -0.5520345442877016 0.5520369538958827 0.5520358562339563 -0.5520343278057098
0.5520469346506733 0.5520459623500285 1.656139858591461 -0.5520460775554442 -0.5520469627392941 -0.5520469756197596 -0.5520461352564372
0.5520452588861267 -0.5520345442877016 -0.5520460775554442 1.656127483337577 -0.5520364219688022 -0.5520353262355892 0.5520337379792634
-0.5520457501029807 0.5520369538958827 -0.5520469627392941 -0.5520364219688022 1.6561315664819989 0.5520370613527494 -0.5520363331864981
-0.5520452441348679 0.5520358562339563 -0.5520469756197596 -0.5520353262355892 0.5520370613527494 1.656129065749272 -0.5520352303103377
0.5520446999253891 -0.5520343278057098 -0.5520461352564372 0.5520337379792634 -0.5520363331864981 -0.5520352303103377 1.6561260735181405

# Matrix 12
1.8117584551083217 -0.8913202933383171 -0.8988264330565475 -0.8994888385240436 -0.8913456734731867 0.8919575569061036 0.9053737526038923
-0.8913202933383171 1.781750443903549 0.8912943059659998 0.8919776211034635 0.8688757160774547 -0.8694726411490542 -0.890397767279251
-0.8988264330565475 0.8912943059659998 1.8116970765943636 0.8994798892364054 -0.021572540305057338 0.020958712732941285 0.007535742709999737
-0.8994888385240436 0.8919776211034635 0.8994798892364054 1.8137188387903624 -0.02091114885430192 -0.8932739781275942 0.007550973654112225
-0.8913456734731867 0.8688757160774547 -0.021572540305057338 -0.02091114885430192 1.7818158796246066 -0.8695027387378658 -0.8903940718177044
0.8919575569061036 -0.8694726411490542 0.020958712732941285 -0.8932739781275942 -0.8695027387378658 1.7836705612601078 0.8903726475894003
0.9053737526038923 -0.890397767279251 0.007535742709999737 0.007550973654112225 -0.8903940718177044 0.8903726475894003 1.8108426812558174

# Matrix 13
1.8122980568698677 -0.9020582128804144 -0.9032249924670228 0.905001674867098 -0.905582306922954 0.9014540515020368 0.9049863381676228
-0.9020582128804144 1.8076087153053686 0.9015365064496418 0.00522891179964332 -0.004657091130145564 0.009915112885608202 0.0052572636880705926
-0.9032249924670228 0.9015365064496418 1.8100289172346502 0.0040769793562830635 0.904407113807667 -0.8991746321742748 -0.9032335010282121
0.905001674867098 0.00522891179964332 0.0040769793562830635 1.8122841326302013 -0.9055766203847682 0.9014421157516718 -0.0023173909255848634
-0.905582306922954 -0.004657091130145564 0.904407113807667 -0.9055766203847682 1.81405905844076 -0.9026554409440927 -0.9056057900802519
0.9014540515020368 0.009915112885608202 -0.8991746321742748 0.9014421157516718 -0.9026554409440927 1.8035822293123354 0.9014939708801871
0.9049863381676228 0.0052572636880705926 -0.9032335010282121 -0.0023173909255848634 -0.9056057900802519 0.9014939708801871 1.8123373759727184

# Matrix 14
1.6553329265837267 0.5532050324726354 -0.5532068392178497 0.5489249732740938 -0.5446396314126746 0.5489234837278022 -0.5489218166416757
0.5532050324726354 1.66025629933056 -0.5538458567305927 -0.553204720871064 0.5538442504102056 -0.5532048617218808 0.5532051529790315
-0.5532068392178497 -0.5538458567305927 1.6601814450925996 -0.5531378121482623 -0.5537681545901838 -0.5532049469543617 -0.5531305411841522
0.5489249732740938 -0.553204720871064 -0.5531378121482623 1.6552689317104556 -0.5447118262377068 0.5489243040861175 -0.5489919718558712
-0.5446396314126746 0.5538442504102056 -0.5537681545901838 -0.5447118262377068 1.6430504100732977 -0.5446428933697736 0.5445653716733404
0.5489234837278022 -0.5532048617218808 -0.5532049469543617 0.5489243040861175 -0.5446428933697736 1.6553342249536365 -0.5489243587659797
-0.5489218166416757 0.5532051529790315 -0.5531305411841522 -0.5489919718558712 0.5445653716733404 -0.5489243587659797 1.6552600675724376

# Matrix 15
1.6561247823489753 0.5520435034774233 0.5520470096284407 -0.5520321776507348 -0.5520362109863312 -0.5520335835890705 -0.5520315813545207
0.5520435034774233 1.6561385984642578 0.5520473594230794 0.552049292275836 0.5520475537872352 0.5520486159014643 0.552050364795423
0.5520470096284407 0.5520473594230794 1.6561403144630613 0.552047094002543 -0.5520459674226633 -0.552046522298532 0.5520468454422096
-0.5520321776507348 0.552049292275836 0.552047094002543 1.6561267621785514 0.5520363346742653 0.5520339989591151 0.5520329561843452
-0.5520362109863312 0.5520475537872352 -0.5520459674226633 0.5520363346742653 1.6561305103891557 0.552036924523113 0.5520370709242232
-0.5520335835890705 0.5520486159014643 -0.552046522298532 0.5520339989591151 0.552036924523113 1.6561285340194971 0.5520343704592763
-0.5520315813545207 0.552050364795423 0.5520468454422096 0.5520329561843452 0.5520370709242232 0.5520343704592763 1.6561260355167782

# Matrix 16
2.208175953569709 -1.10408536314938 -1.104082507557768 1.1040836681179418 1.1040820748114535 -1.1040851697256537 -1.1040828087363659
-1.10408536314938 1.656133191167607 1.104085047385775 -0.5520394057940577 -0.5520385954869889 0.5520407146030829 0.5520390823752944
-1.104082507557768 1.104085047385775 2.2081727769484147 9.650510727630806e-6 -1.1040794024898049 -7.954822325952965e-6 1.1040807973158315
1.1040836681179418 -0.5520394057940577 9.650510727630806e-6 1.6561298574924914 0.5520360426128627 -0.5520390350001207 -0.5520367318608908
1.1040820748114535 -0.5520385954869889 -1.1040794024898049 0.5520360426128627 1.6561245651756893 -0.5520379408201203 -0.5520336227885615
-1.1040851697256537 0.5520407146030829 -7.954822325952965e-6 -0.5520390350001207 -0.5520379408201203 1.6561328010411513 0.5520383751790481
-1.1040828087363659 0.5520390823752944 1.1040807973158315 -0.5520367318608908 -0.5520336227885615 0.5520383751790481 1.6561273012479614

# Matrix 17
2.2081737557683594 1.104084296601805 1.1040807670175063 1.354710542001624e-5 -1.104078105120197 -1.1040806328539263 1.1040645615300206
1.104084296601805 1.6561334514501254 0.5520374461878804 -0.552037701937815 -0.5520370729000532 -0.5520374414988095 1.1040746492821591
1.1040807670175063 0.5520374461878804 1.6561293100548027 -0.5520350065891719 -0.5520325403394143 -0.5520345582205374 1.1040675438701093
1.354710542001624e-5 -0.552037701937815 -0.5520350065891719 1.6561300129970866 0.5520329750665259 0.5520348729870294 -1.1040683000115543
-1.104078105120197 -0.5520370729000532 -0.5520325403394143 0.5520329750665259 1.656124304469424 0.5520324085983477 -1.1040626025720324
-1.1040806328539263 -0.5520374414988095 -0.5520345582205374 0.5520348729870294 0.5520324085983477 1.6561290439314547 -1.1040672731542076
1.1040645615300206 1.1040746492821591 1.1040675438701093 -1.1040683000115543 -1.1040626025720324 -1.1040672731542076 2.2081309572065027

# Matrix 18
1.8099557251038452 -0.9041748701509922 0.9019505536311941 -0.9028778518441614 -0.9013704234481756 0.8926074612347172 -0.9000798713094852
-0.9041748701509922 1.814574890605274 -0.9036002338326776 -0.0029431142261888395 -0.004416700499878864 0.007395644053392581 -0.0038821808926641174
0.9019505536311941 -0.9036002338326776 1.8118302591192723 0.0045520849820321774 -0.9025452083876949 0.8961855443480713 -0.901904811270865
-0.9028778518441614 -0.0029431142261888395 0.0045520849820321774 1.8106777986475395 -0.005109715375717535 -0.8939427717694638 -0.006988204517309684
-0.9013704234481756 -0.004416700499878864 -0.9025452083876949 -0.005109715375717535 1.8105440456087996 -0.893799732111982 0.9000947264702234
0.8926074612347172 0.007395644053392581 0.8961855443480713 -0.8939427717694638 -0.893799732111982 1.7829493858700842 -0.8901823245538263
-0.9000798713094852 -0.0038821808926641174 -0.901904811270865 -0.006988204517309684 0.9000947264702234 -0.8901823245538263 1.8075186053632049

# Matrix 19
1.8114589930526712 -0.9057234359968299 -0.9057292377419265 -0.905723637681045 -0.905725410286481 0.9057197655065493 -0.9057252020782878
-0.9057234359968299 1.8114257356806633 0.9057200873406077 0.9057018842957718 0.9057054059142496 -0.9056867938728637 0.9057047859482724
-0.9057292377419265 0.9057200873406077 1.811457334108593 0.9057219899873152 -6.125842238298534e-6 1.3350451955454846e-5 -6.163496332583925e-6
-0.905723637681045 0.9057018842957718 0.9057219899873152 1.8114373728238378 0.9057110065361301 -0.9056946527757765 -2.086398261922005e-5
-0.905725410286481 0.9057054059142496 -6.125842238298534e-6 0.9057110065361301 1.8114426671402264 -0.9056999235357686 0.9057107971906461
0.9057197655065493 -0.9056867938728637 1.3350451955454846e-5 -0.9056946527757765 -0.9056999235357686 1.811407478864591 -0.9056991924065693
-0.9057252020782878 0.9057047859482724 -6.163496332583925e-6 -2.086398261922005e-5 0.9057107971906461 -0.9056991924065693 1.8114416985536939

# Matrix 20
1.6561160944242663 -0.5521544942780273 -0.5519472536833736 -0.5520143415244267 -0.5521544931393202 0.5519450158750769 0.5522228023513006
-0.5521544942780273 1.6561819446891954 -0.5520125801220327 0.5520878743655113 0.55207782754148 0.5520104879625917 -0.5520116065166407
-0.5519472536833736 -0.5520125801220327 1.6561147428512575 0.552014216019226 -0.5520126520938088 -0.5519430917323901 0.5519444039520814
-0.5520143415244267 0.5520878743655113 0.552014216019226 1.6561848816025595 -0.5520164395262925 -0.5520135261793003 0.552014197501656
-0.5521544931393202 0.55207782754148 -0.5520126520938088 -0.5520164395262925 1.6561822070311385 0.5520106847420398 -0.5520118628708829
0.5519450158750769 0.5520104879625917 -0.5519430917323901 -0.5520135261793003 0.5520106847420398 1.6561086746972937 -0.5519419877274293
0.5522228023513006 -0.5520116065166407 0.5519444039520814 0.552014197501656 -0.5520118628708829 -0.5519419877274293 1.6561130219493927

# Matrix 21
1.8114373414168552 0.9057147667020459 0.9056870217597548 -0.905680715010417 -0.9056398437173684 -0.9056415291020268 0.9056595539708375
0.9057147667020459 1.811478430272687 -4.0779144016740296e-5 -0.9057077197300111 -0.9056864713304089 -0.905679310749325 0.9056988054033109
0.9056870217597548 -4.0779144016740296e-5 1.8114521533592507 6.7823751350039e-5 -0.905654703719645 -0.9056527935278647 0.9056690907586422
-0.905680715010417 -0.9057077197300111 6.7823751350039e-5 1.8114193980959252 0.9056255114109569 0.9056273349440295 0.00010058611503966711
-0.9056398437173684 -0.9056864713304089 -0.905654703719645 0.9056255114109569 1.8113179235907728 0.9055720323811238 -0.9056060585152736
-0.9056415291020268 -0.905679310749325 -0.9056527935278647 0.9056273349440295 0.9055720323811238 1.8113102430395713 -0.9056004201667021
0.9056595539708375 0.9056988054033109 0.9056690907586422 0.00010058611503966711 -0.9056060585152736 -0.9056004201667021 1.8113821166020958

