# Matrix 1
0.9654817041096673 0.41725776646941326
0.41725776646941326 1.2160810905906914

# Matrix 2
1.0995625898515267 -0.046371291577090745
-0.046371291577090745 0.911408141684638

# Matrix 3
0.7163186084044446 0.2161935380839142
0.2161935380839142 1.4612766353240347

# Matrix 4
0.8116417360764725 0.22156074607242127
0.22156074607242127 1.2925520184207526

# Matrix 5
0.2904182296109895 0.1345499187062486
0.1345499187062486 3.5056466048553196

# Matrix 6
0.26713683464095084 0.02919114287730458
0.02919114287730458 3.7465897361840526

# Matrix 7
0.6755956464847276 -0.22851304012251622
-0.22851304012251622 1.5574674214982842

# Matrix 8
0.7380380584036784 -0.09760609102284451
-0.09760609102284451 1.3678521554678245

# Matrix 9
0.34668393177042595 0.07390766273691157
0.07390766273691157 2.900227701574154

# Matrix 10
0.696525277109277 0.1054668085328695
0.1054668085328695 1.4516677009892276

# Matrix 11
1.0155528956613844 0.31963228661515114
0.31963228661515114 1.085285467015521

# Matrix 12
1.0338586923794402 -0.32316040642506505
-0.32316040642506505 1.068262671118957

# Matrix 13
0.4541481647284955 0.057814446731133506
0.057814446731133506 2.209284520285703

# Matrix 14
0.35990221201298456 0.1617806756470832
0.1617806756470832 2.851255015281219

# Matrix 15
0.7892919022072652 -0.383650452544171
-0.383650452544171 1.453439046478524

# Matrix 16
0.5863573833387778 0.24035473712367253
0.24035473712367253 1.803968756451465

# Matrix 17
0.6225145381137143 -0.1189462266245579
-0.1189462266245579 1.6291156956770778

# Matrix 18
1.0297689187037218 -0.29136082098949034
-0.29136082098949034 1.0535287172711876

# Matrix 19
0.9994903638630046 -0.2973040441813685
-0.2973040441813685 1.0889446602366422

# Matrix 20
0.8303003333873837 -0.3583643430944941
-0.3583643430944941 1.3590564245565242

# Matrix 21
0.42302711316960706 -0.13114623090518066
-0.13114623090518066 2.404572430970406

# Matrix 22
0.5136610369192873 -0.07708850778178883
-0.07708850778178883 1.9583783190277066

# Matrix 23
0.6997964129114304 -0.11589818874445884
-0.11589818874445884 1.4481817446562295

# Matrix 24
0.7876436522216808 -0.2488669423174249
-0.2488669423174249 1.348242637369145

# Matrix 25
0.17883291118237918 -0.02744825498218359
-0.02744825498218359 5.596024803739667

# Matrix 26
0.6484075123448451 0.13480827034685877
0.13480827034685877 1.570267540658001

# Matrix 27
0.08581564535528985 0.01800111712851249
0.01800111712851249 11.656662792389206

# Matrix 28
0.8580477158631813 0.23178293903579467
0.23178293903579467 1.228047474921652

# Matrix 29
0.7780302051940171 -0.3019785471166032
-0.3019785471166032 1.4025047300657756

# Matrix 30
0.8143794832841815 -0.21494237422297663
-0.21494237422297663 1.2846593580888794

# Matrix 31
0.42322897686531535 0.16332560838751764
0.16332560838751764 2.4258151272139212

# Matrix 32
0.773219718157922 -0.07317458587832432
-0.07317458587832432 1.3002184196926174

# Matrix 33
0.5862537253877267 0.22590235753434945
0.22590235753434945 1.7927935117929759

# Matrix 34
0.9644521831945695 -0.4603841043185288
-0.4603841043185288 1.2566237545285048

# Matrix 35
0.7858409877832253 -0.026037104313278464
-0.026037104313278464 1.2733847513144203

# Matrix 36
0.3005783340128631 -0.12214859545303047
-0.12214859545303047 3.3765583361298273

# Matrix 37
0.38330866113583995 -0.02473895585765995
-0.02473895585765995 2.610460230592918

# Matrix 38
1.0154759524150274 -0.1865069970352764
-0.1865069970352764 1.0190146378968088

# Matrix 39
0.15500424907986315 -0.0482396636429252
-0.0482396636429252 6.4664489592924115

# Matrix 40
1.014310907161975 0.2653480152076069
0.2653480152076069 1.055307166290467

# Matrix 41
0.6576064415365888 0.07911362552590478
0.07911362552590478 1.5301841681973023

# Matrix 42
0.7082278490807752 0.06919890139270574
0.06919890139270574 1.418736200868258

# Matrix 43
0.8546344215753549 0.10083951185538256
0.10083951185538256 1.1819891425496054

# Matrix 44
0.5053823270981863 0.12425579074467458
0.12425579074467458 2.0092501203278195

# Matrix 45
0.794123945019425 -0.03442541882024064
-0.03442541882024064 1.2607416206754207

# Matrix 46
1.0555205996294794 -0.2722469767196163
-0.2722469767196163 1.0176195677374937

# Matrix 47
0.8174672356148819 0.1858027542027582
0.1858027542027582 1.26552186852013

# Matrix 48
0.2279510091021486 -0.029306343424638615
-0.029306343424638615 4.390675284602145

# Matrix 49
0.07625667312895927 0.013357101091292456
0.013357101091292456 13.115946068852761

# Matrix 50
0.4362981463087324 0.08230723151825858
0.08230723151825858 2.307537835945305

# Matrix 51
0.4351065818682114 -0.05304247443215062
-0.05304247443215062 2.304753699169801

# Matrix 52
1.0695382409314012 -0.36579694164225074
-0.36579694164225074 1.060090569110886

# Matrix 53
0.13681357470861755 0.06058752814019164
0.06058752814019164 7.336047250455476

# Matrix 54
0.208589999294615 0.07657346948133759
0.07657346948133759 4.822203843088927

# Matrix 55
0.8109294679963033 0.1016942548346127
0.1016942548346127 1.2459057924763604

# Matrix 56
0.6672875609597202 0.08039319202706915
0.08039319202706915 1.5082898651321552

# Matrix 57
0.10177752890082661 0.027206164646409514
0.027206164646409514 9.832624020277626

# Matrix 58
0.323559295560134 -0.07034655638351377
-0.07034655638351377 3.1059179933473673

# Matrix 59
0.5230002664265113 -0.20230672571491903
-0.20230672571491903 1.9903011108996373

# Matrix 60
0.212218539506983 0.02126582356533524
0.02126582356533524 4.714254643237672

# Matrix 61
0.6606477835853308 -0.3203102507399548
-0.3203102507399548 1.6689659514867328

# Matrix 62
1.0438933711351432 0.34841809965775544
0.34841809965775544 1.0742430244093817

# Matrix 63
0.9018653003368283 0.05496455378262516
0.05496455378262516 1.1121628715484626

# Matrix 64
0.99199961804597 -0.16061346214864225
-0.16061346214864225 1.034069636280684

# Matrix 65
0.6258444819072667 0.21936294340888826
0.21936294340888826 1.6747293157348855

# Matrix 66
0.8453959634924609 -0.34949402950933633
-0.34949402950933633 1.3273615265761556

# Matrix 67
0.6877636769436228 -0.02602851931690836
-0.02602851931690836 1.4549728596671123

# Matrix 68
0.8404153849957446 0.2643140037138878
0.2643140037138878 1.2730155964061536

# Matrix 69
0.4388407275069882 0.15172510833425487
0.15172510833425487 2.3311886166781335

# Matrix 70
0.702545192264601 0.26575478141205766
0.26575478141205766 1.523924176880765

# Matrix 71
0.48700540026566175 -0.1828979859412298
-0.1828979859412298 2.122053826708307

# Matrix 72
0.6242361846256486 -0.07986393290399046
-0.07986393290399046 1.6121754434700284

# Matrix 73
1.090289471083072 -0.39531396599125695
-0.39531396599125695 1.0605193963389539

# Matrix 74
0.5220160723889243 0.171348178096275
0.171348178096275 1.9718936879207714

# Matrix 75
0.3514792446409532 -0.06868665234995475
-0.06868665234995475 2.8585410704333154

# Matrix 76
0.87021365020896 -0.39004440889708103
-0.39004440889708103 1.3239675574328407

# Matrix 77
0.7009796502146314 0.1485897013073505
0.1485897013073505 1.4580721409268564

# Matrix 78
0.4650542553704188 0.09031849198440006
0.09031849198440006 2.167827556359702

# Matrix 79
0.5054982593507911 -0.0024444040141204937
-0.0024444040141204937 1.978257999137893

# Matrix 80
0.3709464331228457 -0.01611152223113843
-0.01611152223113843 2.6965068048446503

# Matrix 81
0.4496706584458439 -0.13838905196004175
-0.13838905196004175 2.2664399167710885

# Matrix 82
0.5666648913786324 0.14287738370357317
0.14287738370357317 1.8007361357634575

# Matrix 83
1.01188207755258 0.386777113184795
0.386777113184795 1.1360973385990494

# Matrix 84
0.8954901754373801 0.3987595023164238
0.3987595023164238 1.294273429768845

# Matrix 85
0.23815195304187672 -0.09397156044757389
-0.09397156044757389 4.236079701582623

# Matrix 86
0.9488938609735984 -0.458077033107672
-0.458077033107672 1.2749946205989728

# Matrix 87
0.7012450016479355 -0.18933011452390625
-0.18933011452390625 1.4771526211686112

# Matrix 88
0.29265824391512435 -0.053468828888222075
-0.053468828888222075 3.426723615390528

# Matrix 89
1.0864329000497146 -0.40328258396910893
-0.40328258396910893 1.0701414164460594

# Matrix 90
0.3252601851207536 0.09301645438860773
0.09301645438860773 3.101062186300373

# Matrix 91
1.0454652688083212 0.20720850220660053
0.20720850220660053 0.9975801152873284

# Matrix 92
0.9917268305813486 -0.19651913752552633
-0.19651913752552633 1.0472841304544913

# Matrix 93
0.8794237235258582 -0.22198089736290572
-0.22198089736290572 1.1931398832262554

# Matrix 94
0.4856368886914837 0.06714398073313876
0.06714398073313876 2.0684349511736486

# Matrix 95
0.3261370814341529 0.09260444738129231
0.09260444738129231 3.0924897568828764

# Matrix 96
0.29715077427884784 -0.006910855195906507
-0.006910855195906507 3.3654556759831595

# Matrix 97
0.3789952239706492 0.07115747526171318
0.07115747526171318 2.651915704255569

# Matrix 98
0.5018185040501763 -0.21785972577480095
-0.21785972577480095 2.087334069311116

# Matrix 99
0.9177062874344106 0.45279797471328753
0.45279797471328753 1.3130846136766596

# Matrix 100
0.8312585627577076 -0.14849226158479184
-0.14849226158479184 1.2295211111689568

# Matrix 101
0.2476822553893825 0.11449260701644853
0.11449260701644853 4.0903558289579935

# Matrix 102
0.8657042257436789 -0.18685135246168283
-0.18685135246168283 1.1954584454381314

# Matrix 103
0.4340767843346451 0.0544972606689717
0.0544972606689717 2.3105818777149736

# Matrix 104
0.18443614695531346 0.05618805177298166
0.05618805177298166 5.43904822195779

# Matrix 105
0.6587018393004654 -0.0885892492878688
-0.0885892492878688 1.530051982486815

# Matrix 106
0.6874933056938981 0.21175006713369002
0.21175006713369002 1.5197792942529824

# Matrix 107
0.45087481908648225 -0.05030911856201131
-0.05030911856201131 2.2235240580561038

# Matrix 108
0.6083150723765226 0.18473590568830656
0.18473590568830656 1.6999864080474336

# Matrix 109
0.3113302104731266 0.14354498774202845
0.14354498774202845 3.2782079257738967

# Matrix 110
0.5283482344565558 0.12348260942315108
0.12348260942315108 1.9215507663694684

# Matrix 111
0.13440274443984654 0.038771922524224955
0.038771922524224955 7.4515090160562805

# Matrix 112
0.4446804790436321 0.03774613164860263
0.03774613164860263 2.252009741035145

# Matrix 113
0.3982613893805386 -0.1014990980899837
-0.1014990980899837 2.5367813547894213

# Matrix 114
1.0720125619727499 -0.17851550924344833
-0.17851550924344833 0.9625519547472217

# Matrix 115
0.4580902323018854 -0.2235053969967934
-0.2235053969967934 2.292025868376875

# Matrix 116
1.151067667802856 -0.3509172983777923
-0.3509172983777923 0.9757401599548099

# Matrix 117
0.6686531300308367 -0.2631408502156427
-0.2631408502156427 1.599099830734212

# Matrix 118
0.6215725691949332 0.13057658467754363
0.13057658467754363 1.6362534237689172

# Matrix 119
0.5682609670231583 0.24090482824547937
0.24090482824547937 1.8618824759590886

# Matrix 120
0.49297206596147786 0.21372483373615667
0.21372483373615667 2.121171516110326

# Matrix 121
0.7731707319463857 -0.13290975480108017
-0.13290975480108017 1.3162228740337925

# Matrix 122
1.082122664117064 0.3982667721188057
0.3982667721188057 1.0706886198703567

# Matrix 123
0.8745029854988228 -0.34483563709277715
-0.34483563709277715 1.2794829007598487

# Matrix 124
0.543044445864641 0.15164277121459024
0.15164277121459024 1.8838154737644297

# Matrix 125
1.1667006725365154 -0.5662405959703795
-0.5662405959703795 1.1319342172433333

# Matrix 126
0.3226524895689318 0.09230965595571614
0.09230965595571614 3.1257191721348896

# Matrix 127
1.170671724093768 -0.2654330486715738
-0.2654330486715738 0.9143935753259425

# Matrix 128
0.449063743613515 0.013369512565284847
0.013369512565284847 2.2272533868310544

# Matrix 129
0.2719383956063227 -0.1059582047311102
-0.1059582047311102 3.718589053580223

# Matrix 130
0.667845514298706 -0.05230273673019231
-0.05230273673019231 1.501448396074689

# Matrix 131
0.6341025744701558 0.14017020403310476
0.14017020403310476 1.6080169473380246

# Matrix 132
0.9397630181379206 -0.19312362554988877
-0.19312362554988877 1.1037854381638363

# Matrix 133
0.9713581874784945 0.15221737397934432
0.15221737397934432 1.0533396867711275

# Matrix 134
0.9585626016837009 0.062459913896469044
0.062459913896469044 1.0472985687952112

# Matrix 135
0.6599454465220999 0.14057212711643208
0.14057212711643208 1.5452194242662884

# Matrix 136
0.21067854524305718 -0.06945037847118457
-0.06945037847118457 4.7694621866243585

# Matrix 137
0.4311853499683421 -0.1944601910542007
-0.1944601910542007 2.4068878174572337

# Matrix 138
0.8910608989469644 0.07317901797682211
0.07317901797682211 1.1282676300353411

# Matrix 139
0.6832970678232242 -0.16589671600772715
-0.16589671600772715 1.5037701298141362

# Matrix 140
0.35621866120103496 0.1653824353146004
0.1653824353146004 2.884046968361363

# Matrix 141
0.47621506838849315 0.05657388530582676
0.05657388530582676 2.1066124763616103

# Matrix 142
0.8788531302173527 -0.16713967656262096
-0.16713967656262096 1.1696330548737242

# Matrix 143
0.4201351312000845 -0.0015632223959209934
-0.0015632223959209934 2.3801923938324974

# Matrix 144
1.0097867945047336 0.3857832573574557
0.3857832573574557 1.1376943409334155

# Matrix 145
0.5566343400058911 0.19219882124567617
0.19219882124567617 1.8628753426841276

# Matrix 146
0.28861685066034015 -0.06280604402841931
-0.06280604402841931 3.4784684153732806

# Matrix 147
0.5536960332025709 -0.09713643994549578
-0.09713643994549578 1.8230860028501974

# Matrix 148
0.9594353076119629 0.43236612488901394
0.43236612488901394 1.2371240213223336

# Matrix 149
0.7864529203181798 -0.09229545569608522
-0.09229545569608522 1.282363413100591

# Matrix 150
1.0007361827654742 0.24876566622241975
0.24876566622241975 1.0611031908096207

# Matrix 151
0.9610067487373893 -0.2698532481778595
-0.2698532481778595 1.1163509277761663

# Matrix 152
0.5018704805924467 0.1518822970949058
0.1518822970949058 2.038510475776772

# Matrix 153
0.4949964056640972 0.08896954473239838
0.08896954473239838 2.036207876171647

# Matrix 154
0.5789260566385713 -0.1491425412387214
-0.1491425412387214 1.7657583138382367

# Matrix 155
1.0539545095695424 -0.3850515980339368
-0.3850515980339368 1.089482252528588

# Matrix 156
0.27344813618376695 -0.10146684347834173
-0.10146684347834173 3.6946513310535196

# Matrix 157
0.9744875881735298 -0.12334480744261782
-0.12334480744261782 1.0417925829366996

# Matrix 158
0.19460006627465687 0.04231285514676081
0.04231285514676081 5.147944689272368

# Matrix 159
0.3638883264830494 0.16806300100911378
0.16806300100911378 2.8257162911657376

# Matrix 160
1.0907662399477844 0.4616030334711857
0.4616030334711857 1.112133210657374

# Matrix 161
0.7231350812755433 0.17403172957630292
0.17403172957630292 1.4247504644387998

# Matrix 162
0.5831991781682675 0.19931681639335805
0.19931681639335805 1.7827994829533111

# Matrix 163
0.7778869368061576 -0.11551524670215063
-0.11551524670215063 1.3026877355483535

# Matrix 164
0.5636258317039384 0.04835902115322266
0.04835902115322266 1.7783758985933174

# Matrix 165
0.26653642814309475 -0.05705820940728956
-0.05705820940728956 3.7640469869362487

# Matrix 166
1.139678665991442 0.4668409844337155
0.4668409844337155 1.0686700919223717

# Matrix 167
0.9101633546895669 0.3546118166670112
0.3546118166670112 1.2368653766596023

# Matrix 168
0.9932431139240285 -0.39841244686276306
-0.39841244686276306 1.1666151635699171

# Matrix 169
0.39241603688293475 0.14457628520066573
0.14457628520066573 2.6015815009797345

# Matrix 170
0.5470758916136176 0.04341870150200394
0.04341870150200394 1.8313458863724157

# Matrix 171
1.0477923505616142 0.4805362690294672
0.4805362690294672 1.174770082252455

# Matrix 172
0.7029747719063535 -0.17202147622151037
-0.17202147622151037 1.4646206797568893

# Matrix 173
0.482040853199029 -0.012056686010627649
-0.012056686010627649 2.074814524619992

# Matrix 174
0.42147452995790957 0.030500960126660648
0.030500960126660648 2.374829882765647

# Matrix 175
0.283515502722899 -0.0005636668382025811
-0.0005636668382025811 3.5271451053513636

# Matrix 176
0.2948728638431782 -0.11667808196576701
-0.11667808196576701 3.437460340027352

# Matrix 177
0.4631120408693865 0.1657246638793552
0.1657246638793552 2.218609264162289

# Matrix 178
1.113735071365444 0.11869999714196972
0.11869999714196972 0.910530444262858

# Matrix 179
0.6410240708639898 -0.08881745990378975
-0.08881745990378975 1.5723099755447587

# Matrix 180
0.8046861702611806 -0.006515895270704508
-0.006515895270704508 1.2427732622353762

# Matrix 181
0.9317233700486394 0.287399699443874
0.287399699443874 1.1619313436174876

# Matrix 182
0.9208879493148946 0.3486289939130476
0.3486289939130476 1.2178921183963896

# Matrix 183
0.452440447667664 -0.10910529048383294
-0.10910529048383294 2.236546201003776

# Matrix 184
0.8331561383057176 0.3665195571260317
0.3665195571260317 1.361493402740352

# Matrix 185
0.7922243462105715 -0.3258150192592444
-0.3258150192592444 1.396265378697271

# Matrix 186
0.8922556379862434 -0.2675635770227168
-0.2675635770227168 1.2009901895018482

# Matrix 187
0.16765864535640418 -0.014505009609962982
-0.014505009609962982 5.965754961085155

# Matrix 188
0.3705128973786725 -0.020402635931243973
-0.020402635931243973 2.700084867843333

# Matrix 189
0.42349614991954154 0.06788924423083942
0.06788924423083942 2.372179651864832

# Matrix 190
0.3195965234642951 -0.13979874368570505
-0.13979874368570505 3.1900963054437073

# Matrix 191
0.47839081476556605 -0.10065261718602858
-0.10065261718602858 2.111518277877908

# Matrix 192
0.7143265423815843 0.02075976461489043
0.02075976461489043 1.4005233019781154

# Matrix 193
0.798877434980022 0.22140511742827296
0.22140511742827296 1.3131178577470537

# Matrix 194
0.8605171416547763 0.24658495338378894
0.24658495338378894 1.2327518975337954

# Matrix 195
0.7425052463789912 0.16513348847183662
0.16513348847183662 1.3835175899761079

# Matrix 196
0.8110639441922066 0.141257875843094
0.141257875843094 1.2575504000532831

# Matrix 197
0.7991044233510025 -0.24906790630806433
-0.24906790630806433 1.3290313392323565

# Matrix 198
0.396618249110391 -0.03919806757205502
-0.03919806757205502 2.525190131184875

# Matrix 199
0.26102667625399467 0.07599138754184889
0.07599138754184889 3.8531490551634517

# Matrix 200
0.43182675781855623 0.19199225920852367
0.19199225920852367 2.40110416694386

# Matrix 201
0.5128438848900457 -0.19729443444836553
-0.19729443444836553 2.0258116055864575

# Matrix 202
0.27251071228023455 0.12880379610806458
0.12880379610806458 3.7304603895587194

# Matrix 203
0.8204085770822258 0.08193565228886895
0.08193565228886895 1.2270879159946961

# Matrix 204
0.6411912774953816 0.13636531390163276
0.13636531390163276 1.5885984956225916

# Matrix 205
0.6773302662890764 -0.20942759515175785
-0.20942759515175785 1.5411387465823674

# Matrix 206
0.5132445844141389 0.22517330224220333
0.22517330224220333 2.047177988720564

# Matrix 207
0.403151409973044 -0.13558276102359973
-0.13558276102359973 2.526055124437924

# Matrix 208
0.3423260821518348 0.10865824768730559
0.10865824768730559 2.955680760374258

# Matrix 209
0.47468534685841635 0.21792399742911023
0.21792399742911023 2.206705716930243

# Matrix 210
0.8920189817144455 0.26703222812563876
0.26703222812563876 1.200990374441036

# Matrix 211
0.9312409131976587 0.12539915110687333
0.12539915110687333 1.0907219954614833

# Matrix 212
0.9161118586808715 -0.09416544899903972
-0.09416544899903972 1.101248851027733

# Matrix 213
0.7413949927978728 0.17930164984310998
0.17930164984310998 1.3921716381457367

# Matrix 214
0.4045290872095352 0.05898377638312706
0.05898377638312706 2.4806104619039164

# Matrix 215
0.3864219869858896 -0.0024730793226320213
-0.0024730793226320213 2.5878602921159652

# Matrix 216
0.5396444474134299 -0.09168591986785002
-0.09168591986785002 1.8686494649123269

# Matrix 217
0.5323737420161258 -0.17396980016488073
-0.17396980016488073 1.935229726897766

# Matrix 218
0.5799812375455187 -0.005511523036644761
-0.005511523036644761 1.724246082715215

# Matrix 219
0.5560590079228805 0.1098185968580993
0.1098185968580993 1.8200588602931937

# Matrix 220
1.0692171506133468 0.28022174933264665
0.28022174933264665 1.008704572481243

# Matrix 221
0.22383671285011164 -0.020806570859786683
-0.020806570859786683 4.469476435087152

# Matrix 222
0.5518883480537817 -0.17492660972351462
-0.17492660972351462 1.8674054678337408

# Matrix 223
0.5792795186493631 -0.058444154321930175
-0.058444154321930175 1.7321788305479018

# Matrix 224
0.11060985221680752 0.03245723176611903
0.03245723176611903 9.050310183325658

# Matrix 225
0.24370626034201875 0.06704041293341567
0.06704041293341567 4.1217423613023705

# Matrix 226
0.8086311377219314 0.14396515365159113
0.14396515365159113 1.2622887220760584

# Matrix 227
1.3023629208850291 -0.5468233528299559
-0.5468233528299559 0.9974299470361456

# Matrix 228
0.6105395852914531 -0.24952546157605016
-0.24952546157605016 1.7398756469945336

# Matrix 229
0.06591486242203975 0.006792553846265426
0.006792553846265426 15.171785270287886

# Matrix 230
0.7090330862523471 0.28462348328583237
0.28462348328583237 1.5246263512913494

# Matrix 231
0.46574512229530923 0.17016471087967366
0.17016471087967366 2.20926850238991

# Matrix 232
0.49280305012882236 -0.0021351953879225893
-0.0021351953879225893 2.0292174709509934

# Matrix 233
0.5563891777782448 0.14994317658936185
0.14994317658936185 1.837711797861803

# Matrix 234
0.6768937769821064 -0.26239459695454337
-0.26239459695454337 1.5790526680217845

# Matrix 235
0.7211003719043328 -0.31157237516921954
-0.31157237516921954 1.521393397803069

# Matrix 236
0.8215342837492907 0.40447103786307653
0.40447103786307653 1.4163703736862319

# Matrix 237
0.5894017685898949 0.27322999895266725
0.27322999895266725 1.823297264442751

# Matrix 238
1.1119617248306255 -0.17714290866593974
-0.17714290866593974 0.927531575106805

# Matrix 239
0.7248215705654374 -0.011779649490659332
-0.011779649490659332 1.3798413302765107

# Matrix 240
0.4832514205785195 -0.12667730041070535
-0.12667730041070535 2.1025228176732376

# Matrix 241
0.866728816498728 0.33299153160208794
0.33299153160208794 1.281696580259409

# Matrix 242
0.32400474901035714 0.06655737160650532
0.06655737160650532 3.1000467949408312

# Matrix 243
0.24405392558268002 0.056417334571367384
0.056417334571367384 4.110496945480526

# Matrix 244
0.26777726548891906 0.07038842341118554
0.07038842341118554 3.752949408589353

# Matrix 245
0.758260212601103 0.36594289198125757
0.36594289198125757 1.4954156651604809

# Matrix 246
0.9336259280171182 0.4626006246576113
0.4626006246576113 1.3003059378523956

# Matrix 247
0.7204700139931189 0.1015810067965422
0.1015810067965422 1.4023049971812547

# Matrix 248
0.6749224625008845 -0.20915999973229854
-0.20915999973229854 1.5464708369913633

# Matrix 249
0.8430908459387357 -0.09039488056850137
-0.09039488056850137 1.195803796577165

# Matrix 250
0.6291647085587516 -0.1940572329652497
-0.1940572329652497 1.6492632144659338

# Matrix 251
0.4141053731600609 -0.04370234872377171
-0.04370234872377171 2.4194563998007177

# Matrix 252
0.41939758226015056 0.13938647340427368
0.13938647340427368 2.4306973432568153

# Matrix 253
0.5850881162893898 0.13550166631829078
0.13550166631829078 1.7405253554514915

# Matrix 254
0.529626768346762 0.10985189089118515
0.10985189089118515 1.910906884656816

# Matrix 255
0.3501555829595112 0.10170163421044726
0.10170163421044726 2.885412289764639

# Matrix 256
0.8467890721698527 -0.36546276651128895
-0.36546276651128895 1.3386604420878851

# Matrix 257
0.052673999027221585 0.02108356166161013
0.02108356166161013 18.99313769693689

# Matrix 258
0.659981424595374 -0.021159292637749127
-0.021159292637749127 1.5158725357737024

# Matrix 259
0.5750006318891817 0.24904841567035615
0.24904841567035615 1.8469981673908769

# Matrix 260
0.6374244200573069 0.20162430051346358
0.20162430051346358 1.632589411092824

# Matrix 261
0.9430393485197588 0.30120501540201694
0.30120501540201694 1.1566054619198918

# Matrix 262
0.7503310046165909 -0.3024058749949585
-0.3024058749949585 1.4546237680651126

# Matrix 263
0.68789928051741 -0.11484928733015787
-0.11484928733015787 1.4728760263249072

# Matrix 264
1.0048614009650145 -0.2916200852414585
-0.2916200852414585 1.079792967541811

# Matrix 265
0.8013374412435066 0.24093852254122516
0.24093852254122516 1.3203568399380865

# Matrix 266
0.17916686070818455 0.037578620660346396
0.037578620660346396 5.589271078214457

# Matrix 267
0.36653710223528757 0.03403945662859077
0.03403945662859077 2.7313979362583196

# Matrix 268
0.7402858617151223 -0.26177216476387016
-0.26177216476387016 1.4433946688777286

# Matrix 269
1.0154576550764842 0.22334904507376685
0.22334904507376685 1.0339030787613552

# Matrix 270
0.44900143059495495 -0.048653677611040946
-0.048653677611040946 2.232436495841182

# Matrix 271
1.3225653065648244 -0.5598654034468795
-0.5598654034468795 0.9931073070321458

# Matrix 272
0.8497695716233779 -0.3662293191250852
-0.3662293191250852 1.3346252349566041

# Matrix 273
0.5273674491625988 0.21962255906554964
0.21962255906554964 1.9876730543665146

# Matrix 274
0.9355670757470966 -0.06393143388007416
-0.06393143388007416 1.0732391661347733

# Matrix 275
0.8354763406053709 -0.33516412200978346
-0.33516412200978346 1.331378202615063

# Matrix 276
0.6302133150926461 0.08115564156460353
0.08115564156460353 1.597215123913697

# Matrix 277
0.5548143751256137 -0.09656200134486176
-0.09656200134486176 1.8192106501840497

# Matrix 278
0.7053986074167444 0.26583888397913097
0.26583888397913097 1.5178231158638018

# Matrix 279
0.959581249773416 0.47904907135054614
0.47904907135054614 1.281275569996952

# Matrix 280
1.0407141530011252 0.32038396004672726
0.32038396004672726 1.0595088753962885

# Matrix 281
1.0048426763162133 0.17905852436783934
0.17905852436783934 1.02708809993258

# Matrix 282
0.9904086909890584 -0.34949945366018065
-0.34949945366018065 1.133016984118086

# Matrix 283
0.870795834250423 -0.425796276043366
-0.425796276043366 1.3565779970792555

# Matrix 284
0.873799958884809 0.03712907717494429
0.03712907717494429 1.1460043665484676

# Matrix 285
0.87412118099676 0.31834182832068175
0.31834182832068175 1.2599414630391357

# Matrix 286
0.7031092350080147 -0.35030021965472957
-0.35030021965472957 1.596779259878949

# Matrix 287
0.9352690002804036 -0.2728167869935215
-0.2728167869935215 1.1487914160988373

# Matrix 288
0.7214600344898899 0.0002495265472292063
0.0002495265472292063 1.386078250294974

# Matrix 289
0.5719548261975348 -0.005240103889251085
-0.005240103889251085 1.7484378361437123

# Matrix 290
0.9072263895003917 0.4353955677413409
0.4353955677413409 1.311215496127597

# Matrix 291
0.8752135194950347 0.2816060496817554
0.2816060496817554 1.2331870374215432

# Matrix 292
0.2652665297460038 0.03867891470360929
0.03867891470360929 3.7754331818703055

# Matrix 293
0.9006010215101452 0.030266057454343187
0.030266057454343187 1.1113867409960014

# Matrix 294
0.13197748321861322 -0.062334432488623595
-0.062334432488623595 7.606491327090999

# Matrix 295
0.27428534740559074 0.11853778163042866
0.11853778163042866 3.697066632489001

# Matrix 296
0.8446430944588803 -0.13773046091400087
-0.13773046091400087 1.206390825365576

# Matrix 297
0.44725090869521933 -0.1203170244899116
-0.1203170244899116 2.2682484633551065

# Matrix 298
0.22340346189542162 -0.04351662590250788
-0.04351662590250788 4.484682950879916

# Matrix 299
0.6615949183784353 -0.06401563607650032
-0.06401563607650032 1.5176930380954503

# Matrix 300
0.5227167663299227 -0.12631162300310428
-0.12631162300310428 1.9436044365648657

# Matrix 301
0.2317259097002362 -0.05655143332839313
-0.05655143332839313 4.329244260640708

# Matrix 302
0.6647455865831959 -0.28284028661586536
-0.28284028661586536 1.6246796511792683

# Matrix 303
0.817123779171768 0.3248636467005558
0.3248636467005558 1.3529607351142656

# Matrix 304
0.26506682618751665 0.11075495194144361
0.11075495194144361 3.8189111551192094

# Matrix 305
0.6974178081976717 0.1678771114021333
0.1678771114021333 1.4742708208008686

# Matrix 306
0.5815495703429733 0.26613862455589044
0.26613862455589044 1.8413387647229649

# Matrix 307
1.2534008393700216 -0.4604988077962563
-0.4604988077962563 0.9670163876633219

# Matrix 308
0.39786269538938573 0.06909265065783474
0.06909265065783474 2.5254285109378243

# Matrix 309
0.399366652542457 -0.05448254010662423
-0.05448254010662423 2.511397335734846

# Matrix 310
1.1668969240016471 0.2773997403945972
0.2773997403945972 0.9229183776385271

# Matrix 311
0.8872557427995416 -0.10623339540311677
-0.10623339540311677 1.1397903507595055

# Matrix 312
1.362343638849503 -0.6708512842774982
-0.6708512842774982 1.0643727502125138

# Matrix 313
0.9918964906460637 -0.0606858863056573
-0.0606858863056573 1.011882576722257

# Matrix 314
0.4847972538916997 0.20559662437619955
0.20559662437619955 2.1499089848139366

# Matrix 315
1.0186814195127438 -0.12437432826767375
-0.12437432826767375 0.9968464665015246

# Matrix 316
0.6315329992655362 -0.08121366521124002
-0.08121366521124002 1.5938924182706202

# Matrix 317
0.9521381282937461 -0.36722940141322274
-0.36722940141322274 1.1919041991270798

# Matrix 318
0.6699489412802133 -0.13250562745000838
-0.13250562745000838 1.5188586451998227

# Matrix 319
0.18762392323538274 -0.04423307840813637
-0.04423307840813637 5.340238856259604

# Matrix 320
1.1011754128017828 0.5261516935200565
0.5261516935200565 1.1595206265505862

# Matrix 321
1.0165645966514345 -0.11588960814642912
-0.11588960814642912 0.9969168753412959

# Matrix 322
0.7516227060396138 -0.164200552612785
-0.164200552612785 1.366326234194711

# Matrix 323
0.7476163502844528 0.20721318651681164
0.20721318651681164 1.395016714481478

# Matrix 324
0.9736579192621448 0.35586582450225873
0.35586582450225873 1.157121472295383

# Matrix 325
0.3156482545991195 -0.015050694569367806
-0.015050694569367806 3.1688010588790716

# Matrix 326
0.9026837088346977 0.23954107132376268
0.23954107132376268 1.1713736655510762

# Matrix 327
1.1190888651404263 0.5585245774531737
0.5585245774531737 1.172337375955054

# Matrix 328
0.19639405503773127 0.06540627039678354
0.06540627039678354 5.113586457666331

# Matrix 329
0.7977723094455561 -0.079556340152458
-0.079556340152458 1.261424092242363

# Matrix 330
0.6009371430362653 0.28032514374677614
0.28032514374677614 1.79483361731821

# Matrix 331
0.4726110749446266 -0.16634290787575387
-0.16634290787575387 2.1744517161832655

# Matrix 332
0.8018764668096108 0.12272177775948667
0.12272177775948667 1.2658566210017668

# Matrix 333
0.3937971941087951 -0.00956526021862425
-0.00956526021862425 2.539610513138276

# Matrix 334
0.6842131768375789 -0.1329203164815282
-0.1329203164815282 1.48735488439026

# Matrix 335
0.5492412677384091 -0.058109265422761056
-0.058109265422761056 1.826841400427795

# Matrix 336
0.929062042192071 0.25152513567198503
0.25152513567198503 1.1444498274475785

# Matrix 337
0.7706937311069164 -0.1158409223157631
-0.1158409223157631 1.3149440281905926

# Matrix 338
1.0193408686515006 0.24761338326764382
0.24761338326764382 1.0411751556447182

# Matrix 339
0.6482355139490933 0.12446424650164306
0.12446424650164306 1.566546921304545

# Matrix 340
0.8523779159234588 -0.09761296313857755
-0.09761296313857755 1.184367018095464

# Matrix 341
1.0063774817621782 0.07273991575806404
0.07273991575806404 0.9989204980860805

# Matrix 342
0.620216935055806 -0.12574618567970347
-0.12574618567970347 1.6378335479046433

# Matrix 343
0.6515158588746803 -0.15219251867248706
-0.15219251867248706 1.5704338563716869

# Matrix 344
0.8238415829929382 -0.05101980768839892
-0.05101980768839892 1.2169852086540711

# Matrix 345
0.8497456692840524 -0.15008950962321885
-0.15008950962321885 1.2033328298812767

# Matrix 346
0.7628933135413656 0.009002374497869753
0.009002374497869753 1.310905502768407

# Matrix 347
0.8622332303187158 -0.10744041085903744
-0.10744041085903744 1.1731668489645797

# Matrix 348
0.3001924031660108 0.017070475351221637
0.017070475351221637 3.3321676051060045

# Matrix 349
0.5569326804934557 -0.2507948767216511
-0.2507948767216511 1.908485724429162

# Matrix 350
0.7513417429883529 0.2869536569191537
0.2869536569191537 1.4405460781593415

# Matrix 351
0.7738070650022738 0.03647934878746431
0.03647934878746431 1.2940315334094492

# Matrix 352
0.6985994553278811 -0.3097216509221309
-0.3097216509221309 1.5687494353049083

# Matrix 353
0.6795282975020401 0.17277857086031007
0.17277857086031007 1.515540174462622

# Matrix 354
0.9836165786864396 -0.09742663348956572
-0.09742663348956572 1.026306358379223

# Matrix 355
0.7028426381762348 -0.02240861843336836
-0.02240861843336836 1.4235080398312727

# Matrix 356
0.7459974446430094 -0.18687946584843362
-0.18687946584843362 1.3873022517537568

# Matrix 357
0.9270774745540886 0.16143835895500122
0.16143835895500122 1.106770870725347

# Matrix 358
0.7171826699253854 -0.2961782892828977
-0.2961782892828977 1.5166590391199894

# Matrix 359
0.21055360908441578 -0.09369224116998676
-0.09369224116998676 4.791075491140182

# Matrix 360
0.26982902918335433 0.02116512928240294
0.02116512928240294 3.707710640791416

# Matrix 361
0.5580400986994611 0.2649027641638412
0.2649027641638412 1.9177357988354848

# Matrix 362
0.19459136822617462 0.03048255530863725
0.03048255530863725 5.143749156513246

# Matrix 363
0.376437611792021 0.11044847053734064
0.11044847053734064 2.688888763865792

# Matrix 364
0.5007513187986389 -0.08211203588356908
-0.08211203588356908 2.0104637744184837

# Matrix 365
0.5364847931007004 -0.008175357869397493
-0.008175357869397493 1.864110314658212

# Matrix 366
0.3063389733546432 -0.06087398677773859
-0.06087398677773859 3.276454286161769

# Matrix 367
0.9153072297589799 -0.07984153523580956
-0.07984153523580956 1.0994938508393632

# Matrix 368
0.3274524824353066 0.11799565538098421
0.11799565538098421 3.0963972761730547

# Matrix 369
0.21610270373214333 0.09060234814186924
0.09060234814186924 4.665414953523593

# Matrix 370
0.6564834961125963 0.28761515089192236
0.28761515089192236 1.6492760007433325

# Matrix 371
0.5146151535418828 0.19969343074755436
0.19969343074755436 2.020689556315399

# Matrix 372
0.6801300934618764 0.08514746129199963
0.08514746129199963 1.4809668030384433

# Matrix 373
0.5067257530166869 0.2478587154687663
0.2478587154687663 2.0946911352241315

# Matrix 374
1.1575014284170468 0.4017327064302437
0.4017327064302437 1.0033587336510137

# Matrix 375
0.5110468768276399 0.24525583530190143
0.24525583530190143 2.0744680631463654

# Matrix 376
0.7644294577982694 0.1973687420214626
0.1973687420214626 1.3591239972875457

# Matrix 377
0.34213321519318324 -0.023085487284261463
-0.023085487284261463 2.924395806347557

# Matrix 378
0.15493212805162207 -0.06139888482064268
-0.06139888482064268 6.4787712895983125

# Matrix 379
0.9736082263475523 0.06991889105699967
0.06991889105699967 1.0321283490962634

# Matrix 380
0.29225839647841645 0.13740340161422465
0.13740340161422465 3.486228991372726

# Matrix 381
0.6188333596104355 -0.1577337700642742
-0.1577337700642742 1.6561485031509393

# Matrix 382
0.9724006952192986 -0.4224142495768177
-0.4224142495768177 1.211880867670279

# Matrix 383
0.2288517010802481 -0.0963709260589376
-0.0963709260589376 4.410224396958032

# Matrix 384
0.635232721632383 0.0033261059644079105
0.0033261059644079105 1.5742436258811074

# Matrix 385
0.5298055658411952 -0.1583618167038604
-0.1583618167038604 1.934820113416864

# Matrix 386
0.186207257860244 0.028684104108068154
0.028684104108068154 5.374778563033458

# Matrix 387
0.8480759943642746 -0.06289362440024238
-0.06289362440024238 1.183803827324193

# Matrix 388
0.5540146864563682 0.2041268710826209
0.2041268710826209 1.8802169057300222

# Matrix 389
0.7077722979618775 -0.1458780498698669
-0.1458780498698669 1.4429505200680295

# Matrix 390
0.8758159012393314 -0.09774049672105631
-0.09774049672105631 1.1527002458743918

# Matrix 391
0.28832274576758116 -0.022655869964389952
-0.022655869964389952 3.4701157058568106

# Matrix 392
0.46180395656672146 -0.17979446352631087
-0.17979446352631087 2.23542053816415

# Matrix 393
0.44442586979663234 0.19116297880565025
0.19116297880565025 2.3323198645933187

# Matrix 394
0.9319387996353239 -0.3436413219469398
-0.3436413219469398 1.1997454753326713

# Matrix 395
1.353618885687391 0.6207973842329189
0.6207973842329189 1.0234707914605594

# Matrix 396
0.5422443951347764 -0.2405719864670605
-0.2405719864670605 1.9509189770597257

# Matrix 397
0.9103558969057802 -0.2509536458198899
-0.2509536458198899 1.1676507352380125

# Matrix 398
0.2488548145923728 -0.12180183545643891
-0.12180183545643891 4.078023118752477

# Matrix 399
1.0988161554286966 -0.3433333734015073
-0.3433333734015073 1.0173474423072395

# Matrix 400
0.5833364846755451 0.26988677219893686
0.26988677219893686 1.839142412641444

# Matrix 401
0.8072704149961796 0.3426160140364167
0.3426160140364167 1.3841529583113608

# Matrix 402
0.5893306799488555 -0.11918506102644372
-0.11918506102644372 1.7209439679262815

# Matrix 403
0.8669482517273667 -0.3351218621473047
-0.3351218621473047 1.2830139057006473

# Matrix 404
0.3265873054684462 -0.15321040277506537
-0.15321040277506537 3.133843264515321

# Matrix 405
1.3997695985683554 0.6855746667278548
0.6855746667278548 1.0501818479001805

# Matrix 406
0.16631865785127098 0.0794543715722883
0.0794543715722883 6.050511771576667

# Matrix 407
0.2751073040290166 0.035495708341047316
0.035495708341047316 3.6395251258215477

# Matrix 408
1.2251845970689579 0.46354996146706895
0.46354996146706895 0.9915881816360631

# Matrix 409
0.6459179815657803 -0.036152626959317535
-0.036152626959317535 1.5502076749880456

# Matrix 410
0.4427626822299327 -0.0297525809037415
-0.0297525809037415 2.260545561404519

# Matrix 411
0.7610921748241425 -0.377964988114462
-0.377964988114462 1.5016020004468364

# Matrix 412
1.020086915981194 0.47148819691853633
0.47148819691853633 1.1982323277402238

# Matrix 413
0.8962108827208571 0.3823566380457122
0.3823566380457122 1.2789362646186768

# Matrix 414
0.6201297742676923 0.1566941762975978
0.1566941762975978 1.652159124427579

# Matrix 415
0.21980389678816975 -0.0029683153337574097
-0.0029683153337574097 4.549549964801816

# Matrix 416
0.8835106363240143 -0.2639490996043575
-0.2639490996043575 1.2107031689312522

# Matrix 417
0.7832630853930735 -0.17032816313555454
-0.17032816313555454 1.3137497506865548

# Matrix 418
1.036300938599739 0.15616559033682295
0.15616559033682295 0.9885040661927913

# Matrix 419
1.1522138841489407 -0.3867521677207291
-0.3867521677207291 0.9977116705947305

# Matrix 420
0.23083635367920263 -0.04898048935141128
-0.04898048935141128 4.342466307235798

# Matrix 421
0.5584477797577848 0.0869001205568371
0.0869001205568371 1.8042002627171285

# Matrix 422
0.9072597627968384 0.19311164866769803
0.19311164866769803 1.1433242731425268

# Matrix 423
0.7434277260872435 -0.2510411231274568
-0.2510411231274568 1.429892386575244

# Matrix 424
1.0575339603263494 0.26710420784207933
0.26710420784207933 1.0130593418639091

# Matrix 425
1.0529922102191307 0.20858837932156726
0.20858837932156726 0.9909941420847176

# Matrix 426
0.5647667876876477 -0.07769017153092322
-0.07769017153092322 1.7813295411218606

# Matrix 427
0.7183130847621064 0.29310959568437517
0.29310959568437517 1.5117547739533306

# Matrix 428
0.5605153610357035 0.08112847153860686
0.08112847153860686 1.7958148854908431

# Matrix 429
0.5200421790902707 -0.10042646247753031
-0.10042646247753031 1.9423145178968593

# Matrix 430
0.6469240851970877 0.3199107221993337
0.3199107221993337 1.7039756215634887

# Matrix 431
0.8739478274737482 -0.1498661272777831
-0.1498661272777831 1.1699323734928022

# Matrix 432
0.7923606119828936 -0.3036086772239218
-0.3036086772239218 1.378385311395613

# Matrix 433
0.8774127349906802 0.17743589032335025
0.17743589032335025 1.1755966765011634

# Matrix 434
0.28882515635714984 0.11471164955285013
0.11471164955285013 3.5078619027571953

# Matrix 435
0.49741611415280174 0.17787559630408728
0.17787559630408728 2.0739974005820487

# Matrix 436
0.863804065131061 -0.3652106757110484
-0.3652106757110484 1.3120786106527045

# Matrix 437
0.53015055536846 0.03925520465571136
0.03925520465571136 1.8891632970118848

# Matrix 438
0.5940765773130772 0.2161541916971934
0.2161541916971934 1.7619321726543262

# Matrix 439
0.7739349337695862 0.12900181575902975
0.12900181575902975 1.313600697047484

# Matrix 440
0.43227103097866715 -0.056238556976953014
-0.056238556976953014 2.3206800904971043

# Matrix 441
0.9690065624476359 -0.2520562095715322
-0.2520562095715322 1.0975491539470767

# Matrix 442
0.8152392241264147 -0.21137907726541663
-0.21137907726541663 1.2814411811760298

# Matrix 443
0.3680062570631268 0.00789948721132211
0.00789948721132211 2.717514669123287

# Matrix 444
0.20029950186971415 -0.0760457962308057
-0.0760457962308057 5.02139522932306

# Matrix 445
0.2361779950746186 -0.09947512638330253
-0.09947512638330253 4.275992352504752

# Matrix 446
0.09997283109326513 -0.044289735568983656
-0.044289735568983656 10.022338766639866

# Matrix 447
0.3064149183517926 -0.06286121810566614
-0.06286121810566614 3.276444691864184

# Matrix 448
0.6938713132482215 -0.0014302134984353343
-0.0014302134984353343 1.4411923744611068

# Matrix 449
0.6700739906373567 0.034848415430215066
0.034848415430215066 1.494184860250534

# Matrix 450
0.2961255317884046 0.0802011732610351
0.0802011732610351 3.3986675249319225

# Matrix 451
1.0683541237680643 0.3099252150062702
0.3099252150062702 1.025927278710661

# Matrix 452
0.85904035224975 -0.23962107065630445
-0.23962107065630445 1.2309296702223471

# Matrix 453
0.8327198612076899 0.014777834187240185
0.014777834187240185 1.2011463049922375

# Matrix 454
0.21188387919112212 0.03186652378937904
0.03186652378937904 4.724358828806837

# Matrix 455
0.9806897499612388 -0.008104441919173255
-0.008104441919173255 1.0197574533825282

# Matrix 456
0.38316678060743237 -0.08000691672746707
-0.08000691672746707 2.6265353826571105

# Matrix 457
0.5509810809528045 0.18939592530449473
0.18939592530449473 1.8800478860918912

# Matrix 458
0.2544925062438914 0.004747645222138663
0.004747645222138663 3.929477354342172

# Matrix 459
0.3096885096072392 0.001120164390868983
0.001120164390868983 3.229055078719287

# Matrix 460
0.8515667038827511 0.13672482777577322
0.13672482777577322 1.196258230724078

# Matrix 461
0.5500177555741483 0.21529599903391447
0.21529599903391447 1.902397434620547

# Matrix 462
0.8518985248661606 0.043028158252570725
0.043028158252570725 1.1760220180684156

# Matrix 463
1.3491716454429428 0.6513478210837831
0.6513478210837831 1.0556506941435162

# Matrix 464
0.4365934476716231 0.020876934040928885
0.020876934040928885 2.2914586824660987

# Matrix 465
0.8427496783292887 -0.04382401553287035
-0.04382401553287035 1.1888708712694918

# Matrix 466
0.5159662420184356 -0.16796270461734533
-0.16796270461734533 1.9927882609530008

# Matrix 467
0.8029505077987559 -0.2954058884440245
-0.2954058884440245 1.3540867442852473

# Matrix 468
0.8461764122044502 0.2024450893102133
0.2024450893102133 1.2302210262205955

# Matrix 469
0.7622511404155097 0.3735910863700187
0.3735910863700187 1.49500635603371

# Matrix 470
0.9525525764594884 0.35338165393333104
0.35338165393333104 1.180909716834404

# Matrix 471
0.782303746754315 0.36491957519883267
0.36491957519883267 1.4484991297365868

# Matrix 472
0.8266839697144028 0.0369664260236669
0.0369664260236669 1.21130510973729

# Matrix 473
0.3305242509820343 -0.00705279533735273
-0.00705279533735273 3.0256471013875115

# Matrix 474
0.830424496259192 -0.30716583347863524
-0.30716583347863524 1.3178210110447606

# Matrix 475
0.43972093123766604 -0.0478560457516965
-0.0478560457516965 2.279377964323598

# Matrix 476
1.1820376158615162 -0.5606969462582602
-0.5606969462582602 1.111962130397487

# Matrix 477
0.03475297717422695 -0.013034413203754591
-0.013034413203754591 28.779401859973575

# Matrix 478
0.9095534182719268 -0.1714975593892441
-0.1714975593892441 1.1317767513119354

# Matrix 479
0.8490086020325178 0.3355066410087839
0.3355066410087839 1.3104280728104853

# Matrix 480
0.735935579627662 -0.33500057138155653
-0.33500057138155653 1.5113080731722297

# Matrix 481
0.9831117175178876 -0.40468946289455915
-0.40468946289455915 1.183765324571785

# Matrix 482
0.40670950145968776 0.014605490294915757
0.014605490294915757 2.45928191192232

# Matrix 483
0.5644760344434552 -0.27012946163852014
-0.27012946163852014 1.900824588776406

# Matrix 484
0.38930990873672083 -0.1909264584001681
-0.1909264584001681 2.6622823854662077

# Matrix 485
0.9223540802448325 -0.4473686914425175
-0.4473686914425175 1.301169227510136

# Matrix 486
0.5382936100446666 0.14017735257915295
0.14017735257915295 1.8942258855561955

# Matrix 487
0.17985155894210833 -0.07227189844709131
-0.07227189844709131 5.589182730569009

# Matrix 488
0.6866360871031104 0.2667902956241611
0.2667902956241611 1.560036068535925

# Matrix 489
0.055633191264372044 0.009164151354850492
0.009164151354850492 17.976390693059468

# Matrix 490
0.4830387856959722 0.18942920373765104
0.18942920373765104 2.144513968451156

# Matrix 491
0.8381174021668494 0.37369557628186845
0.37369557628186845 1.359771770382309

# Matrix 492
0.7231847416408512 0.03898249938600512
0.03898249938600512 1.3848738470145374

# Matrix 493
0.4281098788577036 -0.059268396164574993
-0.059268396164574993 2.3440541607251055

# Matrix 494
0.5478205270163052 0.049425415039901666
0.049425415039901666 1.8298746071302716

# Matrix 495
0.5804534649232991 -0.14727213136003858
-0.14727213136003858 1.760156743676832

# Matrix 496
0.10164091063098465 -0.009270949715527166
-0.009270949715527166 9.839403684009866

# Matrix 497
0.45601320917356974 -0.22500358025010547
-0.22500358025010547 2.303938986832006

# Matrix 498
1.0103413140210293 -0.4357251854562113
-0.4357251854562113 1.177677702305742

# Matrix 499
0.9291216069737543 -0.12474651842952833
-0.12474651842952833 1.093034201591844

# Matrix 500
0.30011978395161243 -0.12056494993048672
-0.12056494993048672 3.3804366169852758

# Matrix 501
0.8271596132709401 -0.22019642793788996
-0.22019642793788996 1.2675745406989172

# Matrix 502
0.7365394601163917 -0.3603788526475208
-0.3603788526475208 1.5340290352630874

# Matrix 503
0.6282586448596534 -0.18721491287968342
-0.18721491287968342 1.647489345468166

# Matrix 504
0.39165314058617473 -0.15888290699078517
-0.15888290699078517 2.617734091444773

# Matrix 505
0.6446234450423258 -0.09796662915468353
-0.09796662915468353 1.5661817270106286

# Matrix 506
0.7987084532328053 0.19374071663885828
0.19374071663885828 1.2990165073178717

# Matrix 507
0.6212063108998203 -0.01719790804332544
-0.01719790804332544 1.6102472729102406

# Matrix 508
1.0043125723286248 -0.14003866115699637
-0.14003866115699637 1.0152325627613603

# Matrix 509
0.6730736298172346 -0.16714613903990305
-0.16714613903990305 1.5272293940190036

# Matrix 510
0.581453839959557 -0.22935324150519887
-0.22935324150519887 1.8102948799205718

# Matrix 511
0.6888064739478683 -0.04648824391300305
-0.04648824391300305 1.4549241256085543

# Matrix 512
0.04426969220255979 0.01114123111098747
0.01114123111098747 22.59162142927297

# Matrix 513
0.566780402705523 -0.2374994430175557
-0.2374994430175557 1.8638717577229231

# Matrix 514
0.2616831443710049 -0.10854812173684342
-0.10854812173684342 3.8664419795343323

# Matrix 515
0.5893128258981328 -0.29084481860296085
-0.29084481860296085 1.840432892081105

# Matrix 516
0.9454409551419656 0.061658140841487186
0.061658140841487186 1.0617286260687742

# Matrix 517
0.4757743943763682 -0.06936839171361137
-0.06936839171361137 2.111950507731742

# Matrix 518
0.5721483793869969 -0.07515595220834437
-0.07515595220834437 1.7576706556956443

# Matrix 519
0.820746927369156 -0.39672464594903795
-0.39672464594903795 1.410167258759432

# Matrix 520
0.23932110351336297 -0.05528244591935999
-0.05528244591935999 4.191256575794704

# Matrix 521
0.39044873476977154 -0.035466989396386206
-0.035466989396386206 2.564377389844114

# Matrix 522
0.737672457835664 -0.007265912171509403
-0.007265912171509403 1.355686772438063

# Matrix 523
0.19841987786253823 -0.011321868453833261
-0.011321868453833261 5.040463664624152

# Matrix 524
0.49758660149121603 0.11077657782881872
0.11077657782881872 2.034362354536457

# Matrix 525
1.1222944435002409 0.22183201736765729
0.22183201736765729 0.9348789437619444

# Matrix 526
0.8036833232666081 0.15146403877875275
0.15146403877875275 1.272816450745026

# Matrix 527
0.6926302670950157 -0.24330382321444427
-0.24330382321444427 1.5292383262908493

# Matrix 528
0.18245973834559673 0.0581672434596856
0.0581672434596856 5.499204576908859

# Matrix 529
0.9872248234407074 0.4164701132510548
0.4164701132510548 1.1886323432808452

# Matrix 530
0.34398805201082866 0.09246090414988956
0.09246090414988956 2.9319303763622173

# Matrix 531
0.6816768275239676 0.021947325408190943
0.021947325408190943 1.4676774164769388

# Matrix 532
0.7619123396833185 0.3344791667140323
0.3344791667140323 1.4593231465812115

# Matrix 533
0.537667143681084 0.24282340794473667
0.24282340794473667 1.9695516452722237

# Matrix 534
0.8290491404114706 -0.1483496466109233
-0.1483496466109233 1.2327467309625908

# Matrix 535
1.330560087637679 -0.6090329189154077
-0.6090329189154077 1.0303338489256813

# Matrix 536
0.24126196697345162 -0.03715935257531125
-0.03715935257531125 4.1505954297139915

# Matrix 537
0.39246426034493154 -0.025292946738395453
-0.025292946738395453 2.5496327545220616

# Matrix 538
0.6707822889017736 -0.04829578488460318
-0.04829578488460318 1.494273923777372

# Matrix 539
0.28887989678967047 -0.12356993647854822
-0.12356993647854822 3.514503918355166

# Matrix 540
0.8672712422959956 -0.3847438593341417
-0.3847438593341417 1.3237240915034438

# Matrix 541
0.8654348572435964 0.26136109201185226
0.26136109201185226 1.2344194499169885

# Matrix 542
1.0706630712813379 -0.16408869980376367
-0.16408869980376367 0.9591487078883711

# Matrix 543
0.5536786628325484 -0.18238214462758406
-0.18238214462758406 1.8661785545300145

# Matrix 544
0.4938715589936781 -0.24274898440246873
-0.24274898440246873 2.144134542969268

# Matrix 545
0.8240474466940141 -0.2059971808179658
-0.2059971808179658 1.2650179825046257

# Matrix 546
0.44436860754529184 0.022365018950397775
0.022365018950397775 2.2515096185562045

# Matrix 547
0.5666211656279928 0.08966937777453773
0.08966937777453773 1.7790380212734374

# Matrix 548
0.3180350641039655 0.15541599808069967
0.15541599808069967 3.2202553996518595

# Matrix 549
0.9447234556012363 -0.15508932659638774
-0.15508932659638774 1.083970862745647

# Matrix 550
0.3321334597217437 0.10612647958244192
0.10612647958244192 3.0447484288869386

# Matrix 551
1.0105621399602223 0.33588232551053276
0.33588232551053276 1.1011860553514963

# Matrix 552
0.9891747910215185 -0.19717208592833596
-0.19717208592833596 1.0502459635030585

# Matrix 553
0.9942517992681728 -0.44096173289506724
-0.44096173289506724 1.2013528673088683

# Matrix 554
0.5079028113883937 0.0019133415005200827
0.0019133415005200827 1.9688878235229803

# Matrix 555
0.6052196600675079 -0.13788660725466706
-0.13788660725466706 1.683707228457415

# Matrix 556
0.6252548540271732 -0.21736442593308525
-0.21736442593308525 1.6749126966644976

# Matrix 557
0.6038937482640028 -0.17292703453211894
-0.17292703453211894 1.7054386839286046

# Matrix 558
0.7403815940687686 0.05940401187663796
0.05940401187663796 1.3554211026669971

# Matrix 559
0.6012760264953821 0.02196305827374001
0.02196305827374001 1.663931924510913

# Matrix 560
0.6911647533409012 -0.16192497165350006
-0.16192497165350006 1.4847685613083175

# Matrix 561
0.7862196286553566 -0.2727036697317876
-0.2727036697317876 1.366497671042169

# Matrix 562
1.0452510387191813 -0.39109354496151805
-0.39109354496151805 1.1030404354568843

# Matrix 563
0.629053260089803 -0.03713588741874706
-0.03713588741874706 1.5918828144876354

# Matrix 564
0.32162175833793993 0.054024166737729584
0.054024166737729584 3.1183170435188714

# Matrix 565
0.33963595404232305 -0.12971292749786467
-0.12971292749786467 2.993868674555452

# Matrix 566
0.9456315902025646 0.332598241691088
0.332598241691088 1.1744759818547263

# Matrix 567
0.9737417415192526 0.2329113607924929
0.2329113607924929 1.0826769121978388

# Matrix 568
0.5901273843735875 0.2263510509320536
0.2263510509320536 1.7813692875376683

# Matrix 569
0.7488652049800644 0.016387052579938555
0.016387052579938555 1.3357123936862387

# Matrix 570
0.5780629809588929 -0.14976665994178404
-0.14976665994178404 1.7687173995022258

# Matrix 571
0.08914861308340538 0.0031455387002826685
0.0031455387002826685 11.217335411355513

# Matrix 572
0.806226127707383 -0.2952170825161028
-0.2952170825161028 1.3484469039731963

# Matrix 573
0.8486312144774225 0.27822789422131905
0.27822789422131905 1.2695865326922813

# Matrix 574
0.7220500622723468 0.28481742003464655
0.28481742003464655 1.4972936355033637

# Matrix 575
0.02411490622731405 0.002557963529916621
0.002557963529916621 41.4683985809885

# Matrix 576
0.5321688456201398 0.05063730771758507
0.05063730771758507 1.883921137406288

# Matrix 577
0.494972294103747 0.21597368742979456
0.21597368742979456 2.1145519580185708

# Matrix 578
0.22472652652674713 0.03817169776573792
0.03817169776573792 4.4563367484395515

# Matrix 579
0.4488460490138403 -0.11511105022964208
-0.11511105022964208 2.2574567741237406

# Matrix 580
0.9410571530594113 -0.3549821544406471
-0.3549821544406471 1.196539791776315

# Matrix 581
0.3601848446016809 -0.0808446770327811
-0.0808446770327811 2.794498094215032

# Matrix 582
0.743025610497021 -0.2663617377635608
-0.2663617377635608 1.4413346730108667

# Matrix 583
0.866735490335202 0.0010860907553039978
0.0010860907553039978 1.1537558929384415

# Matrix 584
0.010560800540526202 0.00207496814470684
0.00207496814470684 94.69019906732856

# Matrix 585
0.46042602009026834 -0.08997462038754075
-0.08997462038754075 2.189484061122872

# Matrix 586
1.098625723070845 -0.4615233023371449
-0.4615233023371449 1.1041101014908268

# Matrix 587
0.8277589179187406 -0.358433348956139
-0.358433348956139 1.3632888045244753

# Matrix 588
0.33279775626006614 -0.05420475967027755
-0.05420475967027755 3.0136566040642405

# Matrix 589
0.2745601094910695 0.022266916290173522
0.022266916290173522 3.6439955440563248

# Matrix 590
0.5619940465975527 -0.17120242843062328
-0.17120242843062328 1.8315323404798234

# Matrix 591
0.6204101360404544 -0.15655587184713382
-0.15655587184713382 1.6513426868690162

# Matrix 592
1.0341562301100795 -0.19308678056173895
-0.19308678056173895 1.0030230197590981

# Matrix 593
0.3679124772137236 0.13384217393745804
0.13384217393745804 2.7667279327767655

# Matrix 594
0.7443433915406567 -0.12159995651733156
-0.12159995651733156 1.3633311734313809

# Matrix 595
0.4575624557458171 -0.08570763260474001
-0.08570763260474001 2.2015481944311994

# Matrix 596
0.5945677007293422 -0.1030331415255148
-0.1030331415255148 1.6997489554392513

# Matrix 597
1.0322440752830717 -0.33148359231008767
-0.33148359231008767 1.0752121504465293

# Matrix 598
0.6786606572482368 0.2607824587745171
0.2607824587745171 1.5736988425628353

# Matrix 599
1.2713343133308175 0.5471245758151595
0.5471245758151595 1.0220327476702122

# Matrix 600
0.6834653645903762 0.22853860146873034
0.22853860146873034 1.5395511563221929

# Matrix 601
0.7322394072270569 0.27567386424800644
0.27567386424800644 1.4694593992204759

# Matrix 602
0.7093582809580726 0.18984483778928107
0.18984483778928107 1.460532836856351

# Matrix 603
0.659193758517695 -0.1883818757770258
-0.1883818757770258 1.570839707963459

# Matrix 604
0.3382856263562185 -0.01609660752124112
-0.01609660752124112 2.9568477725400286

# Matrix 605
1.369115177796977 0.6714807610866474
0.6714807610866474 1.0597256067558198

# Matrix 606
0.6895794076503187 0.235895578061392
0.235895578061392 1.5308559275949698

# Matrix 607
0.932090545274948 -0.0779829891660383
-0.0779829891660383 1.079381559763056

# Matrix 608
0.7617891844887817 -0.29888822582313695
-0.29888822582313695 1.4299680196519566

# Matrix 609
0.5169595664784487 -0.12045996242733861
-0.12045996242733861 1.9624563860165822

# Matrix 610
0.8458093826678906 -0.40164418167460186
-0.40164418167460186 1.3730257342499304

# Matrix 611
0.30758679635154024 0.07081022263867598
0.07081022263867598 3.2674162205633515

# Matrix 612
0.8221610709637713 -0.16205659117230187
-0.16205659117230187 1.2482497347379382

# Matrix 613
1.0386047761504822 0.31206201847388226
0.31206201847388226 1.05659316091475

# Matrix 614
1.0460830613706416 -0.031241540588132444
-0.031241540588132444 0.9568800708299208

# Matrix 615
0.3331477345487508 0.1186249971963187
0.1186249971963187 3.043910508151553

# Matrix 616
0.4526670803325652 -0.08716018770023459
-0.08716018770023459 2.22591158513157

# Matrix 617
0.12127970071158822 -0.0449164228823179
-0.0449164228823179 8.262037910428324

# Matrix 618
0.8191333037877717 0.018265725766386326
0.018265725766386326 1.2212098227628017

# Matrix 619
0.8244607123012185 -0.15583874218314347
-0.15583874218314347 1.242370556028387

# Matrix 620
0.07672471567901946 0.0334161936727706
0.0334161936727706 13.048163595519629

# Matrix 621
0.36547778079589754 -0.014154363068757558
-0.014154363068757558 2.736692621411245

# Matrix 622
1.2761628228074917 -0.6071400192201222
-0.6071400192201222 1.0724485766853171

# Matrix 623
1.306494869416573 0.5931603757981836
0.5931603757981836 1.034706881031013

# Matrix 624
0.23021852642709806 0.04161732700818144
0.04161732700818144 4.35122236882408

# Matrix 625
0.41666714596219523 0.10351355662639114
0.10351355662639114 2.4257133450525243

# Matrix 626
0.7410331903214575 0.24014864471038583
0.24014864471038583 1.4272928464883212

# Matrix 627
0.38716662915593597 -0.16742522527130158
-0.16742522527130158 2.6552681162071337

# Matrix 628
0.732044238259791 0.2762176465210466
0.2762176465210466 1.4702611290380314

# Matrix 629
1.0913545849782804 0.3141964516109067
0.3141964516109067 1.0067483339768544

# Matrix 630
0.38107783481380586 0.15073762126127882
0.15073762126127882 2.683760998493153

# Matrix 631
0.6337286873603928 -0.17012805864715153
-0.17012805864715153 1.6236341779394685

# Matrix 632
0.34639726999898307 0.11425752234121123
0.11425752234121123 2.924546089565102

# Matrix 633
0.8804239286683573 0.04693764508930731
0.04693764508930731 1.1383188369747783

# Matrix 634
0.9241136615458113 -0.24313252637511237
-0.24313252637511237 1.1460856704681897

# Matrix 635
0.7598967985509173 -0.36935677784520915
-0.36935677784520915 1.4954983775524466

# Matrix 636
0.7958746292571643 0.08737341047966274
0.08737341047966274 1.2660714085073057

# Matrix 637
0.9362565673505437 -0.08143654784044962
-0.08143654784044962 1.075166729321619

# Matrix 638
1.05933018457897 0.19153380577612833
0.19153380577612833 0.9786232978597862

# Matrix 639
1.1977449723088183 0.566566958776729
0.566566958776729 1.1029043321560403

# Matrix 640
0.497880886115593 -0.09831740860855467
-0.09831740860855467 2.0279274440776334

# Matrix 641
0.4280435490595417 -0.17934228479930817
-0.17934228479930817 2.411351969641435

# Matrix 642
0.697820072671713 0.004188277368949056
0.004188277368949056 1.4330592954120622

# Matrix 643
0.9645313264971466 -0.2191932630342172
-0.2191932630342172 1.086585430424263

# Matrix 644
0.7801111847957504 0.20091478765575788
0.20091478765575788 1.3336134286693357

# Matrix 645
0.6010395519853364 0.06735718300270802
0.06735718300270802 1.6713325883195251

# Matrix 646
0.9885515907552015 0.1647205240927149
0.1647205240927149 1.039028069615166

# Matrix 647
0.7078609442428224 0.24354284701372222
0.24354284701372222 1.496498891409619

# Matrix 648
0.24389875550409557 0.09665362707618141
0.09665362707618141 4.138364386242359

# Matrix 649
0.5242989193880342 -0.26140689413280854
-0.26140689413280854 2.0376421251203967

# Matrix 650
0.8401416903267145 0.08941206921471664
0.08941206921471664 1.1997910944394017

# Matrix 651
0.9349778993749939 0.04713608718924939
0.04713608718924939 1.0719203217375184

# Matrix 652
0.5404588514542811 -0.05100009678515016
-0.05100009678515016 1.8550922187216825

# Matrix 653
0.7266168958173044 0.22009430862934065
0.22009430862934065 1.442908237788405

# Matrix 654
0.34002569240375125 0.11628912191561168
0.11628912191561168 2.9807252290583754

# Matrix 655
0.8809043626293458 0.1497923437707474
0.1497923437707474 1.16066827413652

# Matrix 656
0.3585931697958538 -0.15307056657020593
-0.15307056657020593 2.85401587245167

# Matrix 657
0.36595530628332756 -0.14295779041028686
-0.14295779041028686 2.7884195482848266

# Matrix 658
0.6342391307275679 -0.18576348179385188
-0.18576348179385188 1.631100985493338

# Matrix 659
1.0821259679047333 -0.04342780012905882
-0.04342780012905882 0.9258496732722827

# Matrix 660
0.198426136712687 0.0800148461958865
0.0800148461958865 5.071924456549701

# Matrix 661
0.9605837762643071 -0.47192668850912745
-0.47192668850912745 1.2728872062385923

# Matrix 662
0.7343935935967929 -0.0018589797880559922
-0.0018589797880559922 1.3616723573366138

# Matrix 663
0.3336060923591399 0.12968057720245396
0.12968057720245396 3.047957082896791

# Matrix 664
0.8330950350367623 -0.3630786874582246
-0.3630786874582246 1.3585798566623828

# Matrix 665
0.46197465250573233 0.2090812605280995
0.2090812605280995 2.259247272210608

# Matrix 666
0.15203799533030016 0.05901746227867455
0.05901746227867455 6.600212392131086

# Matrix 667
0.9880045265153421 -0.028589058742513607
-0.028589058742513607 1.0129683694968799

# Matrix 668
0.9240624737572338 0.25881832725353976
0.25881832725353976 1.1546696861132733

# Matrix 669
0.8345137743173563 0.11542571050657097
0.11542571050657097 1.214267667990093

# Matrix 670
0.8600869504692359 0.26606865475787955
0.26606865475787955 1.2449817177908327

# Matrix 671
0.7966161907914673 0.21405986956287765
0.21405986956287765 1.3128299924687872

# Matrix 672
0.39603315900319963 -0.10700987274785681
-0.10700987274785681 2.553955621825446

# Matrix 673
0.667573754286625 0.21927977713299013
0.21927977713299013 1.5699892542652232

# Matrix 674
0.4202244589114708 -0.13741333137308018
-0.13741333137308018 2.424614755357916

# Matrix 675
1.0622801305367775 -0.0423830565212871
-0.0423830565212871 0.9430622814848962

# Matrix 676
0.49058855190637324 0.057359115144486106
0.057359115144486106 2.045074358526067

# Matrix 677
0.7159316571426435 0.31409123198999206
0.31409123198999206 1.5345784629748445

# Matrix 678
0.4679725155503681 0.15563023044651242
0.15563023044651242 2.1886344488079166

# Matrix 679
0.4602416098019253 -0.0596547432453986
-0.0596547432453986 2.1805040374849605

# Matrix 680
0.4126451269945224 0.04413522462001743
0.04413522462001743 2.4281103847024452

# Matrix 681
0.7634415052510684 -0.05036467992934393
-0.05036467992934393 1.3131806354367475

# Matrix 682
0.6204348485099463 -0.23335620000024296
-0.23335620000024296 1.69954205282144

# Matrix 683
1.1222011677318764 0.5284041496759556
0.5284041496759556 1.1399123278228553

# Matrix 684
0.9870115028866402 0.05449535965529488
0.05449535965529488 1.0161682425084693

# Matrix 685
0.6751625422825427 -0.20498287428787015
-0.20498287428787015 1.5433586928986531

# Matrix 686
0.9287686234148196 0.12163125987336049
0.12163125987336049 1.0926232193840375

# Matrix 687
0.11862254218301894 -0.007779997881592768
-0.007779997881592768 8.430611163467363

# Matrix 688
0.9011846053083566 -0.3797575789604511
-0.3797575789604511 1.2696797215997593

# Matrix 689
0.3928067139666703 -0.1076479913841053
-0.1076479913841053 2.575282076606424

# Matrix 690
0.2688698161439152 -0.1112543713019622
-0.1112543713019622 3.7653074995666667

# Matrix 691
1.0919375360541965 0.05934568710371968
0.05934568710371968 0.919028678329091

# Matrix 692
0.960112137237985 -0.06883253543338044
-0.06883253543338044 1.0464797589420967

# Matrix 693
0.3922390199692604 0.11035188420315845
0.11035188420315845 2.5805121031214853

# Matrix 694
0.5444548133686401 -0.061535452024648496
-0.061535452024648496 1.8436545829125266

# Matrix 695
0.4778932751720943 -0.21925867667834043
-0.21925867667834043 2.193113864013496

# Matrix 696
0.8406474763376341 0.1618485978982715
0.1618485978982715 1.2207197398752192

# Matrix 697
0.6325751521087601 0.26207405860566557
0.26207405860566557 1.6894163620424738

# Matrix 698
0.7562623635937549 -0.045069708755033744
-0.045069708755033744 1.324978376400507

# Matrix 699
0.33358369734503945 0.02269160580808599
0.02269160580808599 2.999291982603319

# Matrix 700
0.5955621199365143 0.08999758491534438
0.08999758491534438 1.6926858366983686

# Matrix 701
0.39404079884457865 0.061516393174679634
0.061516393174679634 2.5474120181782034

# Matrix 702
0.6566751074162231 -0.19993683364858084
-0.19993683364858084 1.5836975175461447

# Matrix 703
0.9324528008134453 0.14788380815274016
0.14788380815274016 1.0958942048565952

# Matrix 704
1.0242193175983392 -0.2964575439394486
-0.2964575439394486 1.0621622309463596

# Matrix 705
0.2502621941457331 -0.02048247728274777
-0.02048247728274777 3.997485658153673

# Matrix 706
0.37804038353178615 -0.10496108520138409
-0.10496108520138409 2.674361982075507

# Matrix 707
0.9534259599339578 -0.2576522033924884
-0.2576522033924884 1.118476633452346

# Matrix 708
0.9927640826611314 -0.016152937692870628
-0.016152937692870628 1.0075514765954094

# Matrix 709
0.4798722767718966 -0.07458593217224602
-0.07458593217224602 2.0954806308929346

# Matrix 710
0.8715131173477464 0.031943272770631914
0.031943272770631914 1.1486004659593396

# Matrix 711
0.44151010457087203 -0.16819746528387372
-0.16819746528387372 2.329030245700428

# Matrix 712
0.7122526354451493 0.31186390728264
0.31186390728264 1.5405476119857695

# Matrix 713
0.6662853694594935 -0.3064154675079197
-0.3064154675079197 1.6417746642335658

# Matrix 714
0.7448196134851844 -0.27893729307187276
-0.27893729307187276 1.4470698595368061

# Matrix 715
0.3660200267272282 -0.12295206294318026
-0.12295206294318026 2.773392534989587

# Matrix 716
0.9384779420456604 0.007275319958984158
0.007275319958984158 1.0656115455421638

# Matrix 717
0.8790242541422137 0.02423754104741427
0.02423754104741427 1.13829334478653

# Matrix 718
0.36218131076259463 -0.045792935907082666
-0.045792935907082666 2.7668379433190937

# Matrix 719
0.8654583419434589 -0.2732327089076394
-0.2732327089076394 1.2417190535176734

# Matrix 720
0.8213053938475775 -0.313302121926159
-0.313302121926159 1.3370887709124635

# Matrix 721
1.0000553873272011 0.23398913154961765
0.23398913154961765 1.0546924970849114

# Matrix 722
0.7654591645227814 -0.34663580233490887
-0.34663580233490887 1.4633783634411353

# Matrix 723
0.6526579261572713 0.01945274460230402
0.01945274460230402 1.5327760058973139

# Matrix 724
0.47193752964168456 0.04748025312032217
0.04748025312032217 2.1237013619097542

# Matrix 725
0.43296515613433884 -0.042388397778996334
-0.042388397778996334 2.313804614696146

# Matrix 726
0.7448432116138617 -0.056522162632660355
-0.056522162632660355 1.3468535917713977

# Matrix 727
0.9234751695647208 -0.14556568605552306
-0.14556568605552306 1.1058113987386928

# Matrix 728
0.7900123637496227 -0.2352323313710321
-0.2352323313710321 1.3358452324889383

# Matrix 729
0.4054884021549368 -0.023320288480115442
-0.023320288480115442 2.467502968118152

# Matrix 730
0.3447688926105982 0.03560032603415392
0.03560032603415392 2.9041697342011283

# Matrix 731
0.8996370177913157 0.13943517750527362
0.13943517750527362 1.133170543858614

# Matrix 732
0.7626724415457836 -0.3145072398529168
-0.3145072398529168 1.4408738851145864

# Matrix 733
0.30902146359699606 0.1430517661681652
0.1430517661681652 3.302242491268014

# Matrix 734
0.9633131744046906 0.39917599578067664
0.39917599578067664 1.2034938443813414

# Matrix 735
0.6532825873412991 -0.2966220358954358
-0.2966220358954358 1.6654119568785473

# Matrix 736
0.8125620731065292 0.21541469355129528
0.21541469355129528 1.2877828350974636

# Matrix 737
0.5788544601713344 0.1635211230607339
0.1635211230607339 1.7737431916532884

# Matrix 738
0.42224987059365104 0.11280917534146585
0.11280917534146585 2.3984043112136573

# Matrix 739
0.34540726573930175 0.09252081334597613
0.09252081334597613 2.9199157080367195

# Matrix 740
0.6693593256204318 0.23496862071630542
0.23496862071630542 1.5764481233502559

# Matrix 741
0.5760619065647448 0.0325178952659724
0.0325178952659724 1.7377601297787215

# Matrix 742
0.7414988419740628 -0.04335232970762842
-0.04335232970762842 1.3511544021077844

# Matrix 743
0.42664278130941585 -0.09344907861879631
-0.09344907861879631 2.3643496960121655

# Matrix 744
0.9681980481455104 -0.2409954343966602
-0.2409954343966602 1.0928330225687632

# Matrix 745
0.33066522098709045 0.14278771702203674
0.14278771702203674 3.0858653023330893

# Matrix 746
0.6928840154799749 0.030748660839978237
0.030748660839978237 1.4446075501540856

# Matrix 747
0.8001420643466497 0.03797595807320958
0.03797595807320958 1.2515804605389653

# Matrix 748
0.7959826228763467 0.21648772785938647
0.21648772785938647 1.315188179021776

# Matrix 749
1.0320609777679202 -0.4612547609373222
-0.4612547609373222 1.175081686655979

# Matrix 750
0.8966950776947908 -0.18906315397200563
-0.18906315397200563 1.15506921132267

# Matrix 751
0.5270140220333458 -0.1589409100413754
-0.1589409100413754 1.9454173324062127

# Matrix 752
0.7691172652936852 -0.033052048857255795
-0.033052048857255795 1.3016122288600538

# Matrix 753
0.4923060203817325 0.06019165271486824
0.06019165271486824 2.0386162133023293

# Matrix 754
0.41811094607833005 0.07566077932838411
0.07566077932838411 2.4054011571851146

# Matrix 755
0.83758979891989 -0.04562344683569049
-0.04562344683569049 1.1963869428608123

# Matrix 756
1.0498680105615386 -0.4918462153990779
-0.4918462153990779 1.1829226980048086

# Matrix 757
0.9013629485362601 0.2874000080243898
0.2874000080243898 1.201068633196507

# Matrix 758
0.6238646562626463 0.2763484483940906
0.2763484483940906 1.725323680584771

# Matrix 759
0.9112002454831558 0.36579820188699
0.36579820188699 1.2443020402201088

# Matrix 760
0.5906965956286628 -0.08998892070037337
-0.08998892070037337 1.7066257251337744

# Matrix 761
0.8920523466049417 0.4420156335081479
0.4420156335081479 1.3400310248777356

# Matrix 762
0.8179990668995828 0.37128942039491597
0.37128942039491597 1.3910233883394825

# Matrix 763
0.21502121526397272 0.030162911577945373
0.030162911577945373 4.654935095618739

# Matrix 764
0.6516796688411889 -0.1088070625254749
-0.1088070625254749 1.5526631031081048

# Matrix 765
0.6906663202756913 -0.04690723532054029
-0.04690723532054029 1.4510629218540314

# Matrix 766
0.35429144801081425 -0.07522443713889079
-0.07522443713889079 2.838506889142204

# Matrix 767
0.8518937670981774 0.10175415285103545
0.10175415285103545 1.1860092732736152

# Matrix 768
0.6620542152690128 -0.16422770429932773
-0.16422770429932773 1.5511882791081362

# Matrix 769
0.1641836312609997 -0.0042215651334152615
-0.0042215651334152615 6.0908497024436326

# Matrix 770
0.9633396263665397 0.22126327207688884
0.22126327207688884 1.0888760379623943

# Matrix 771
0.758141652110691 -0.313397686000808
-0.313397686000808 1.4485658537994668

# Matrix 772
0.54394111551975 0.06286660251807352
0.06286660251807352 1.8457001706018548

# Matrix 773
0.468734559875599 -0.05385885951741343
-0.05385885951741343 2.1395921329433953

# Matrix 774
0.7227136572441135 0.17981391519691298
0.17981391519691298 1.428412253941602

# Matrix 775
0.5539364496306447 -0.2548122088585301
-0.2548122088585301 1.9224755159069953

# Matrix 776
0.6209983888710835 0.2396513741050293
0.2396513741050293 1.7027947254947666

# Matrix 777
0.15064325531130263 0.033230721729689994
0.033230721729689994 6.64553005574597

# Matrix 778
0.9420840643036574 -0.15724292720167432
-0.15724292720167432 1.0877217617648358

# Matrix 779
0.5315746549706518 -0.2098999744531535
-0.2098999744531535 1.9640853631990354

# Matrix 780
0.5380045839870052 0.09420488636717961
0.09420488636717961 1.8752155476798342

# Matrix 781
0.5215637570332519 -0.02395013447941676
-0.02395013447941676 1.918410923782405

# Matrix 782
0.9707514618171991 -0.03911129139372144
-0.03911129139372144 1.0317055729585716

# Matrix 783
0.3952127258200398 -0.09253416411694554
-0.09253416411694554 2.5519486232031685

# Matrix 784
0.9015800412225506 0.3559199191606318
0.3559199191606318 1.2496716179824967

# Matrix 785
0.0889539581618946 0.03784511832603741
0.03784511832603741 11.257871753818117

# Matrix 786
1.0920008828841499 -0.50347808016656
-0.50347808016656 1.1478838495968389

# Matrix 787
0.3340712012719096 0.07751441972433809
0.07751441972433809 3.011359498918266

# Matrix 788
0.9280101062544502 -0.13959303116144423
-0.13959303116144423 1.098572318855015

# Matrix 789
0.9563052573361338 -0.18784475551455926
-0.18784475551455926 1.0825891045064393

# Matrix 790
0.2424521550923259 -0.04476699885992902
-0.04476699885992902 4.132790998724516

# Matrix 791
0.19427561340127242 -0.030544584137218223
-0.030544584137218223 5.152128741720707

# Matrix 792
0.6705556459380275 -0.2584683688579361
-0.2584683688579361 1.5909282162671945

# Matrix 793
0.7945357648440838 0.18239415313765472
0.18239415313765472 1.3004671064764046

# Matrix 794
0.6871163711873038 0.2188267949331405
0.2188267949331405 1.525047590366703

# Matrix 795
0.7115055579405478 0.20036862856075455
0.20036862856075455 1.4618966439587955

# Matrix 796
0.569715502937881 -0.2035461536343392
-0.2035461536343392 1.8279843734090657

# Matrix 797
0.46251663210623056 -0.23008212570562303
-0.23008212570562303 2.276540369530711

# Matrix 798
0.28293466886758256 0.03732797426683335
0.03732797426683335 3.5393095574707787

# Matrix 799
0.4927384242138606 -0.05316734810085785
-0.05316734810085785 2.035211214761743

# Matrix 800
0.6445990223884099 -0.26574902479243784
-0.26574902479243784 1.6609124540884221

# Matrix 801
0.012867883795913086 -0.005176057039665116
-0.005176057039665116 77.71493801366873

# Matrix 802
0.4802544233715472 0.01772811527002477
0.01772811527002477 2.082884066009189

# Matrix 803
0.8067199157273502 -0.2078136420315416
-0.2078136420315416 1.2931210566109077

# Matrix 804
0.2942216011053849 -0.05820225287394917
-0.05820225287394917 3.410312154069911

# Matrix 805
0.23375656448253723 0.07353269913420135
0.07353269913420135 4.301085875674177

# Matrix 806
0.9142380160215879 0.44484861073590687
0.44484861073590687 1.3102608571085501

# Matrix 807
0.7154244766005855 0.03502290119325974
0.03502290119325974 1.3994860902235642

# Matrix 808
0.6240338926905817 -0.2273964494441813
-0.2273964494441813 1.6853397828846695

# Matrix 809
0.3644413604822074 0.03854763771122893
0.03854763771122893 2.748002913412487

# Matrix 810
0.5197379689166907 -0.25544723998568114
-0.25544723998568114 2.049596827872032

# Matrix 811
1.0209412504907331 0.23997086143592242
0.23997086143592242 1.0358931170916563

# Matrix 812
0.941678359200627 0.4627505103310039
0.4627505103310039 1.289334115995044

# Matrix 813
0.736320706015586 -0.13978355710540263
-0.13978355710540263 1.3846404623795248

# Matrix 814
0.8653205545760136 -0.25089505632788767
-0.25089505632788767 1.2283867795219465

# Matrix 815
1.1575312800040751 0.5248120889520204
0.5248120889520204 1.1018516309172162

# Matrix 816
0.8236399140590054 -0.01158566096259106
-0.01158566096259106 1.2142857703570336

# Matrix 817
0.3440508896617504 -0.07060919733266871
-0.07060919733266871 2.9210378143070748

# Matrix 818
0.9586010395986333 0.1356992507541932
0.1356992507541932 1.0623963928535485

# Matrix 819
0.5878761083266772 0.02015109196937448
0.02015109196937448 1.701729416007568

# Matrix 820
0.5029977638852203 0.11367927109784429
0.11367927109784429 2.0137723254540694

# Matrix 821
0.82642738339617 0.305263228749366
0.305263228749366 1.3227848698987752

# Matrix 822
0.8221941181210906 0.09947789981310351
0.09947789981310351 1.2282936964558662

# Matrix 823
0.9334777493236612 -0.45296836907936905
-0.45296836907936905 1.291064885327605

# Matrix 824
0.6379046226591899 -0.12706697696040886
-0.12706697696040886 1.5929434911412268

# Matrix 825
0.8777607056850165 -0.20905955463486192
-0.20905955463486192 1.1890551611895228

# Matrix 826
0.6908610395562607 0.33116716413080444
0.33116716413080444 1.6062154717990476

# Matrix 827
0.9552675711483458 0.1939764479439519
0.1939764479439519 1.0862159395922983

# Matrix 828
0.7125582451678147 -0.006566336641798509
-0.006566336641798509 1.4034545576570703

# Matrix 829
0.2381197743139504 0.03873362593579621
0.03873362593579621 4.205867810279797

# Matrix 830
0.8514395879813713 -0.03279583480452697
-0.03279583480452697 1.1757446810218424

# Matrix 831
0.2353645213796634 0.07653603576351342
0.07653603576351342 4.273616766342866

# Matrix 832
0.44813124112294755 -0.21739697896548724
-0.21739697896548724 2.3369525495233168

# Matrix 833
0.8001455915694053 -0.2854177867727424
-0.2854177867727424 1.3515831673646652

# Matrix 834
0.7187055892449944 0.05489604880890331
0.05489604880890331 1.3955833809898466

# Matrix 835
0.5240640864733487 0.19722064573275827
0.19722064573275827 1.982383471636878

# Matrix 836
0.39385605054301076 -0.055422964924183915
-0.055422964924183915 2.5467977543014726

# Matrix 837
0.2235045602035394 0.02625377867109213
0.02625377867109213 4.477265519697712

# Matrix 838
0.5577061308116962 0.1633740238767326
0.1633740238767326 1.84091767143282

# Matrix 839
0.34203317416714485 0.053365527309277155
0.053365527309277155 2.9320193339343312

# Matrix 840
0.6724028705690445 -0.24136704896201833
-0.24136704896201833 1.5738452327382912

# Matrix 841
1.155421926752775 -0.25525762159903204
-0.25525762159903204 0.9218766138339897

# Matrix 842
0.34597598024074094 -0.07624196446274245
-0.07624196446274245 2.907175337563209

# Matrix 843
0.3525364357478951 -0.05525456187604377
-0.05525456187604377 2.8452465189312095

# Matrix 844
0.508004838854548 -0.08118904257443954
-0.08118904257443954 1.9814607729009486

# Matrix 845
0.6615023998920084 -0.08008782904142836
-0.08008782904142836 1.5214065142089714

# Matrix 846
0.8314539661687504 -0.095167926054323
-0.095167926054323 1.2136052929052776

# Matrix 847
0.9276262573372587 0.12772055654388847
0.12772055654388847 1.0956056197473274

# Matrix 848
0.9227690693238126 0.13241134856391434
0.13241134856391434 1.1026949201647418

# Matrix 849
0.9270344162242735 -0.20170907527296128
-0.20170907527296128 1.1225975355759654

# Matrix 850
0.9205608372463189 -0.23474025108349986
-0.23474025108349986 1.1461523701517469

# Matrix 851
0.8638846386616555 -0.36826101551254886
-0.36826101551254886 1.3145460918319474

# Matrix 852
0.46922605945506773 0.22266749027052457
0.22266749027052457 2.2368340165128453

# Matrix 853
1.0941472410662159 0.489803315820357
0.489803315820357 1.1332179451280813

# Matrix 854
1.0922771105776434 -0.14903597658192672
-0.14903597658192672 0.9358538345412536

# Matrix 855
0.8373431017827024 -0.31676035725355256
-0.31676035725355256 1.3140815534095664

# Matrix 856
0.856505772335505 0.11139987897859258
0.11139987897859258 1.1820234792765307

# Matrix 857
0.14640192093274643 0.015097343584886319
0.015097343584886319 6.832068345898283

# Matrix 858
0.9659301035652142 -0.2075184467910764
-0.2075184467910764 1.0798544345068737

# Matrix 859
0.27919381021186807 -0.021369534382313093
-0.021369534382313093 3.583376924583372

# Matrix 860
0.652131311041767 0.2470557057508369
0.2470557057508369 1.6270289491989876

# Matrix 861
0.21387097820870998 0.08739997792325332
0.08739997792325332 4.711432867519135

# Matrix 862
1.0850878587303563 0.3246739454061328
0.3246739454061328 1.0187314897422324

# Matrix 863
1.1665304464100323 -0.4419457648252181
-0.4419457648252181 1.0246762634661626

# Matrix 864
0.5666255419500393 -0.07406635378569548
-0.07406635378569548 1.7745155315496939

# Matrix 865
0.46259393066041227 -0.00022573309559503763
-0.00022573309559503763 2.161723240786584

# Matrix 866
0.6842525460173909 0.06529674051178985
0.06529674051178985 1.4676798357078236

# Matrix 867
0.39848659829706373 -0.04009395627746387
-0.04009395627746387 2.513528760089695

# Matrix 868
0.769736491730648 0.1252117203353987
0.1252117203353987 1.3195138671751632

# Matrix 869
0.5998994277934613 0.05167359279965811
0.05167359279965811 1.6713970938109193

# Matrix 870
0.8443629947033037 -0.1112122457669445
-0.1112122457669445 1.1989726811325476

# Matrix 871
0.9046993470926971 -0.4296773806505983
-0.4296773806505983 1.3094103087944198

# Matrix 872
0.7385193739586264 0.3084542929096618
0.3084542929096618 1.4828914303820986

# Matrix 873
0.46190935185985066 0.13904240374512994
0.13904240374512994 2.2067810186889285

# Matrix 874
0.5074787650913067 -0.2213816634896717
-0.2213816634896717 2.067100956905486

# Matrix 875
1.088860830990837 0.07246995118849064
0.07246995118849064 0.9232143036227207

# Matrix 876
0.24083461831377584 0.014554341432652385
0.014554341432652385 4.153106541981411

# Matrix 877
0.9897126334827092 -0.4286266406997612
-0.4286266406997612 1.196024742002288

# Matrix 878
1.1970115464631454 0.4021363502177749
0.4021363502177749 0.9705116442686216

# Matrix 879
0.7380105145905753 -0.17906135610655677
-0.17906135610655677 1.398439383784762

# Matrix 880
0.6244562398716231 -0.2645247307600314
-0.2645247307600314 1.7134480606737699

# Matrix 881
0.909686162550104 -0.28154155663801034
-0.28154155663801034 1.1864153732850802

# Matrix 882
0.3921016733944279 -0.12940862781927243
-0.12940862781927243 2.593068741972159

# Matrix 883
0.41451971607266247 -0.1571167104471607
-0.1571167104471607 2.471982926192385

# Matrix 884
0.25885179247207624 0.05441930934531003
0.05441930934531003 3.874655267599958

# Matrix 885
0.5612142315713717 0.04113726637923394
0.04113726637923394 1.7848661319233976

# Matrix 886
0.7124237372338424 0.22471462677530912
0.22471462677530912 1.4745391100605023

# Matrix 887
0.9279879410061637 -0.24574610736648855
-0.24574610736648855 1.1426777250317075

# Matrix 888
0.8276554529828314 -0.12408929313985584
-0.12408929313985584 1.2268367821567563

# Matrix 889
0.6556279136414742 -0.2007399941646982
-0.2007399941646982 1.586717898387289

# Matrix 890
0.6954364434665017 0.18004037196184075
0.18004037196184075 1.484556274315941

# Matrix 891
0.6039577836858416 0.10107424743211815
0.10107424743211815 1.6726599619741787

# Matrix 892
0.9679248466007941 0.44421126306821085
0.44421126306821085 1.2370006312385466

# Matrix 893
0.32258844402710257 -0.06798155062574707
-0.06798155062574707 3.1142513311514537

# Matrix 894
0.8134690000144441 -0.32789100251330733
-0.32789100251330733 1.3614686109851961

# Matrix 895
0.38324752357273967 0.1316310311896861
0.1316310311896861 2.654490024849368

# Matrix 896
0.23114998052279956 -0.05418994611947586
-0.05418994611947586 4.338899566385671

# Matrix 897
0.3519342992820178 -0.14555180685221353
-0.14555180685221353 2.9016362729102214

# Matrix 898
1.0688990233186455 0.15451237340513715
0.15451237340513715 0.957877265484286

# Matrix 899
0.609217736002045 -0.07656190780709898
-0.07656190780709898 1.6510709821548704

# Matrix 900
0.843936269963572 0.30600342088075383
0.30600342088075383 1.2958775828391997

# Matrix 901
1.022350261069817 -0.3148049806366895
-0.3148049806366895 1.0750739914552712

# Matrix 902
0.3647441298266667 0.17806944558142135
0.17806944558142135 2.828582129450479

# Matrix 903
0.6110583841859129 0.2763331798190281
0.2763331798190281 1.7614683868594385

# Matrix 904
0.936389080959769 0.2804833409309954
0.2804833409309954 1.1519473330831766

# Matrix 905
0.08320579195321863 0.0010064712770637696
0.0010064712770637696 12.01840628530606

# Matrix 906
0.593662048405959 0.20657756864140164
0.20657756864140164 1.7563431832394807

# Matrix 907
0.8134710237728033 0.27922932361427755
0.27922932361427755 1.3251474037348832

# Matrix 908
0.7645932614889464 -0.38127311024172333
-0.38127311024172333 1.4980110894031933

# Matrix 909
0.7034059968365989 -0.2964768341107145
-0.2964768341107145 1.546615351670126

# Matrix 910
0.7175214102969872 0.22016525050130195
0.22016525050130195 1.46124244166363

# Matrix 911
0.15039032918602108 -0.050558906907683165
-0.050558906907683165 6.666360852416359

# Matrix 912
0.8490484054782843 0.16176028487733918
0.16176028487733918 1.2086076402034347

# Matrix 913
1.044252609874725 -0.4370868571665313
-0.4370868571665313 1.1405716485119457

# Matrix 914
0.8539255487685077 0.14840447294475317
0.14840447294475317 1.196853623906588

# Matrix 915
0.5226975827128315 0.1245747575068375
0.1245747575068375 1.9428421018082465

# Matrix 916
0.2977416254788555 -0.009836643332287967
-0.009836643332287967 3.3589416929648275

# Matrix 917
0.5571209733299205 -0.13795469742360977
-0.13795469742360977 1.829102739483083

# Matrix 918
0.24402199427469407 -0.10667690678337699
-0.10667690678337699 4.144626247510972

# Matrix 919
0.8662210923800626 -0.37099970263333737
-0.37099970263333737 1.3133376563576848

# Matrix 920
0.8053586698961873 -0.08421990865488832
-0.08421990865488832 1.250490037120546

# Matrix 921
0.8417171040026455 -0.4177721295482053
-0.4177721295482053 1.395401788370396

# Matrix 922
0.18289076516875738 -0.0386088597446968
-0.0386088597446968 5.475895095778609

# Matrix 923
0.4676604998844121 0.19794464452460453
0.19794464452460453 2.22208649768971

# Matrix 924
0.16095408012090004 0.05532801185973352
0.05532801185973352 6.231971181736462

# Matrix 925
0.2308582832545968 -0.001506998702428819
-0.001506998702428819 4.331671607997966

# Matrix 926
0.42427723404468026 0.2070529028021409
0.2070529028021409 2.457994021072007

# Matrix 927
0.43444017188038253 -0.11303481629352158
-0.11303481629352158 2.331222882338249

# Matrix 928
0.8295655245122294 -0.35473903216075553
-0.35473903216075553 1.3571438875793742

# Matrix 929
0.5230888716751386 -0.2032841238240044
-0.2032841238240044 1.9907218283274855

# Matrix 930
1.0859952251541258 -0.2459351106827879
-0.2459351106827879 0.976508969932211

# Matrix 931
0.1682447311957245 0.03257236709247743
0.03257236709247743 5.950028580291414

# Matrix 932
0.47424410563822 -0.15285096407546245
-0.15285096407546245 2.1578832610720458

# Matrix 933
0.3170246253253899 -0.1531397646971845
-0.1531397646971845 3.2283037523695546

# Matrix 934
0.6877802105571683 0.10517196681992724
0.10517196681992724 1.470035233764163

# Matrix 935
1.130550274079999 -0.4756961070424381
-0.4756961070424381 1.0846813400255362

# Matrix 936
0.7307245109739707 0.26156585423133116
0.26156585423133116 1.4621333759226047

# Matrix 937
0.05445173772895298 0.01991199523786147
0.01991199523786147 18.372168259056746

# Matrix 938
1.0572155116724635 -0.15604182191427046
-0.15604182191427046 0.9689122405760531

# Matrix 939
0.4906531746484613 -0.18190155680675174
-0.18190155680675174 2.1055365169274562

# Matrix 940
0.5684862374520812 0.28278356699202445
0.28278356699202445 1.8997232907538333

# Matrix 941
0.2115810716031254 0.033622917911081185
0.033622917911081185 4.731663815781841

# Matrix 942
0.2570964515143188 -4.2669819690810407e-5
-4.2669819690810407e-5 3.8895908361653104

# Matrix 943
0.7472467538774523 0.32792490644469935
0.32792490644469935 1.4821539719239767

# Matrix 944
0.47850789249393916 -0.09250575630499014
-0.09250575630499014 2.107713019513743

# Matrix 945
0.7475881210299258 -0.19543634260259174
-0.19543634260259174 1.388726405362878

# Matrix 946
0.9041196093755012 -0.43848835575990613
-0.43848835575990613 1.3187105176941794

# Matrix 947
0.4854587301772214 -0.14390255908913713
-0.14390255908913713 2.102563787739039

# Matrix 948
0.6515886292360431 -0.09788808745674343
-0.09788808745674343 1.5494163531515683

# Matrix 949
0.7443895606472635 0.0016182435722880695
0.0016182435722880695 1.3433861402391711

# Matrix 950
0.464046276521247 0.03780296051528309
0.03780296051528309 2.158037063309717

# Matrix 951
0.8820675987099842 0.0517707537851535
0.0517707537851535 1.1367385134811587

# Matrix 952
0.8609715885673134 -0.008509864636752407
-0.008509864636752407 1.161562624221191

# Matrix 953
1.1991108641934594 0.43516507677287525
0.43516507677287525 0.9918754633607045

# Matrix 954
1.177981092203341 0.27783896618880166
0.27783896618880166 0.9144412404090773

# Matrix 955
1.0433868393277785 -0.28480958655392336
-0.28480958655392336 1.0361607601736151

# Matrix 956
1.0774568259509438 -0.22368174512805178
-0.22368174512805178 0.9745481190643439

# Matrix 957
0.9489574083128366 0.3897997914261029
0.3897997914261029 1.2139047203855953

# Matrix 958
0.3082826223983813 0.12091933367604663
0.12091933367604663 3.291205574167927

# Matrix 959
0.7943506013871722 0.02951014413152936
0.02951014413152936 1.2599862665916606

# Matrix 960
0.8051366142495077 -0.26066844617659146
-0.26066844617659146 1.3264184238193981

# Matrix 961
0.1649311422081215 -0.030620986725210464
-0.030620986725210464 6.068821396780076

# Matrix 962
0.700079340162235 -0.18880200360119698
-0.18880200360119698 1.4793268950399647

# Matrix 963
0.5811821870531688 -0.08911317243701694
-0.08911317243701694 1.7342946496905949

# Matrix 964
0.686024059605375 -0.02604141998590523
-0.02604141998590523 1.4586633537758245

# Matrix 965
0.07784612989068933 -0.03622224344252217
-0.03622224344252217 12.862708169643637

# Matrix 966
0.90850287389978 0.015964080021418803
0.015964080021418803 1.1009925016057471

# Matrix 967
0.5363491896504069 0.07940111009847844
0.07940111009847844 1.8762115347667079

# Matrix 968
0.23164736643456646 -0.04142779818414566
-0.04142779818414566 4.3243153500099965

# Matrix 969
0.7548260660087114 -0.21188543793899595
-0.21188543793899595 1.3842863751853283

# Matrix 970
0.5814620478069095 -0.023305032532562386
-0.023305032532562386 1.7207367674555465

# Matrix 971
0.5884198875678818 0.0673580105521428
0.0673580105521428 1.7071773453096555

# Matrix 972
0.5048373951822883 0.0766047857887649
0.0766047857887649 1.9924599540462746

# Matrix 973
0.18929974672217711 0.010111962792296189
0.010111962792296189 5.283167405708674

# Matrix 974
0.45514753656247153 0.05625808331713239
0.05625808331713239 2.204043505354285

# Matrix 975
0.5235878829376409 0.15890639094131073
0.15890639094131073 1.9581263709345618

# Matrix 976
0.9909322412926364 -0.1645405853362676
-0.1645405853362676 1.0364720829781657

# Matrix 977
0.6934615853950132 0.18267082807470725
0.18267082807470725 1.4901598779128715

# Matrix 978
1.0662638615622684 0.10787246897010555
0.10787246897010555 0.9487674730713251

# Matrix 979
0.13580721258345346 0.050335459909462976
0.050335459909462976 7.382035456388154

# Matrix 980
0.8469059532082683 -0.09582134168520334
-0.09582134168520334 1.1916101495087466

# Matrix 981
0.17961800579165088 0.014532039382490342
0.014532039382490342 5.56854629222872

# Matrix 982
0.8773557466095272 -0.14984006918076032
-0.14984006918076032 1.1653790954048926

# Matrix 983
0.7110920201841235 0.34451061360465546
0.34451061360465546 1.5731966203144765

# Matrix 984
0.7433577258612221 -0.3547731607970193
-0.3547731607970193 1.5145655401879772

# Matrix 985
0.5239968101402412 -0.0895523177877908
-0.0895523177877908 1.9237132709860982

# Matrix 986
0.15998234059531466 0.04477162497388337
0.04477162497388337 6.263219394554529

# Matrix 987
0.771594369914338 0.18943188959790497
0.18943188959790497 1.3425246232831332

# Matrix 988
0.21807387019716284 -0.02481023504912222
-0.02481023504912222 4.5884247702786505

# Matrix 989
0.5787844957043256 0.05156733692249005
0.05156733692249005 1.7323532293606743

# Matrix 990
0.7547600166531462 0.366653443450965
0.366653443450965 1.503040334098388

# Matrix 991
0.5485832844997183 -0.05092457328933431
-0.05092457328933431 1.8276045597689288

# Matrix 992
0.5023967813348397 -0.17625086579594268
-0.17625086579594268 2.0522909501019093

# Matrix 993
0.8708176622901262 -0.41910212280081616
-0.41910212280081616 1.3500490863315378

# Matrix 994
0.9638679249237823 0.27825461934294177
0.27825461934294177 1.1178145940180368

# Matrix 995
0.678556654897371 -0.21634262769443469
-0.21634262769443469 1.5426923087447386

# Matrix 996
0.6000769752054687 -0.29858114343792924
-0.29858114343792924 1.8150183130152129

# Matrix 997
0.6966476860878338 0.24161084540115474
0.24161084540115474 1.5192411052981247

# Matrix 998
0.8600952410356472 0.37746981421209336
0.37746981421209336 1.3283220347384315

# Matrix 999
0.5557049092214554 0.06282179545248856
0.06282179545248856 1.8066181552911007

# Matrix 1000
0.23553037589395825 -0.0028361946589556264
-0.0028361946589556264 4.2457710187257165

