# Equivalence Class 1
## Gram matrix Q
2.0000374013542426  -0.9999156954959372  0.9999183735311071  -0.9999172327440444  -0.9999137681078073  0.9997085010525094  0.999917603084826  -0.9997057593880906
-0.9999156954959372  2.0000313351802266  -0.9999180222448603  -0.00020566330364927033  -0.0002113778867305034  -0.9996981958274814  0.0002048753929918036  -0.0004258842132141221
0.9999183735311071  -0.9999180222448603  2.0000412346225627  -0.9999222058780207  0.00020526235666249972  0.9997158296397392  0.9999179644969011  -0.999713925571456
-0.9999172327440444  -0.00020566330364927033  -0.9999222058780207  (5121//5)^(1//10)  0.9999141751999244  -0.9997085322398152  -0.9999183735311071  0.9997135906419907
-0.9999137681078073  -0.0002113778867305034  0.00020526235666249972  0.9999141751999244  2.0000304657803833  -0.9996957983479406  -0.9999156571774221  0.9996938229718602
0.9997085010525094  -0.9996981958274814  0.9997158296397392  -0.9997085322398152  -0.9996957983479406  (3574//7)^(1//9)  0.9997115175072033  -0.9992495672641525
0.999917603084826  0.0002048753929918036  0.9999179644969011  -0.9999183735311071  -0.9999156571774221  0.9997115175072033  (5121//5)^(1//10)  -0.999712763252456
-0.9997057593880906  -0.0004258842132141221  -0.999713925571456  0.9997135906419907  0.9996938229718602  -0.9992495672641525  -0.999712763252456  (8165//8)^(1//10)

############################################################

